42 4889
25 6117
40 0659
17 6220
23 0210
40 1939
22 5529
38 0499
28 3599
12 1154
93 2899
27 3554
37 3523
40 1290
18 2226
39 5612
40 4613
45 2737
42 0746
69 0402
46 4387
31 0085
62 1621
73 5126
48 1725
30 6467
39 2639
22 1201
39 0145
33 1670
59 1625
40 5583
40 2528
57 1064
24 5729
21 0843
53 4511
53 4544
24 2602
40 6445
27 6490
22 2161
40 2488
28 2266
55 1711
47 1070
26 5747
52 6302
37 3684
40 3850
18 4288
40 0522
38 2408
40 4686
40 3779
62 1971
26 0102
58 4424
270 4479
153 4266
24 0573
61 1305
40 3615
45 3041
60 5821
41 0176
40 3864
22 6288
52 4755
66 1462
32 6710
63 2981
18 2976
41 0805
26 0850
39 4096
21 4442
15 2025
26 0404
47 1782
18 6208
38 5697
76 0990
22 0417
24 3070
39 1870
17 3385
44 3350
66 2910
65 3123
38 5903
40 0008
39 3959
39 2761
40 0767
26 0282
53 0785
24 5041
67 3593
39 0007
40 3191
65 0319
29 2662
57 6588
40 3455
31 1528
39 1283
31 2470
19 6676
68 2200
20 2656
24 6090
39 5067
19 4862
17 0610
27 5281
40 1088
30 5562
26 5533
80 6508
78 1128
33 1101
50 1606
60 3190
28 4346
22 3707
41 1184
41 0184
39 5490
39 6526
41 6123
17 0159
39 0324
130 6390
12 1639
40 1956
48 5110
65 2506
41 4368
25 5766
39 1175
39 2772
24 4182
52 1353
40 1762
25 5682
25 0503
37 4233
25 2128
18 4248
35 2193
39 5246
48 3630
54 4139
38 1555
57 6402
57 1328
83 6001
39 0064
42 2554
40 6250
55 5210
39 2073
41 2088
40 0778
39 4215
33 5441
20 1222
57 4465
23 1199
24 0796
39 1693
70 0050
50 1039
27 5708
40 0461
51 0434
26 2008
21 0959
38 4822
40 4565
134 1046
39 0342
71 5795
233 3580
40 0569
125 2142
37 1893
22 6130
70 1057
42 5788
39 2937
23 4088
40 0999
39 0904
24 1570
40 1587
19 5962
64 0633
40 5239
50 0127
16 0977
39 4168
68 0596
39 3716
78 1637
12 5868
61 0334
20 0369
39 2681
23 3062
16 5948
19 5995
46 1997
48 6759
82 1530
82 5356
59 3430
121 3033
18 1910
30 1111
16 2835
36 5853
103 2842
23 0799
140 5008
29 2455
30 6737
39 2959
40 0352
53 0831
17 0361
40 4608
51 0682
40 0719
25 5510
18 3836
42 6697
38 2037
52 5088
57 1384
39 3157
15 2023
32 2224
57 0497
24 1156
25 0212
40 4702
26 3521
40 4664
52 5610
24 5645
148 3901
53 4631
44 2739
39 4385
21 0087
39 2573
130 6461
39 1203
49 0631
41 1672
39 5182
46 5581
61 6569
66 5727
16 2604
16 6492
18 4314
60 4546
23 4954
28 4909
88 1864
22 4956
22 3393
38 5741
40 4679
111 6304
29 5472
18 0789
39 3682
23 3679
48 1076
25 5397
24 3856
39 0969
40 4579
50 6550
11 6046
42 5805
68 5373
63 2281
25 0575
40 0520
40 4989
53 4932
41 4651
40 3617
54 4422
39 0246
31 3043
39 1307
40 5264
28 0656
16 6231
21 3862
70 1195
49 1854
34 1464
27 1889
39 1486
87 5823
52 5894
23 2974
56 0375
46 2929
39 4094
40 0204
40 0031
22 2334
32 1018
33 3260
39 3819
31 0440
27 4154
40 2755
39 2780
40 1809
26 5694
39 1876
40 5419
40 3352
42 3121
28 3174
42 2589
40 0343
42 3957
188 2912
117 1511
37 3029
39 5901
40 2482
25 5954
39 0280
27 0783
17 6656
65 0470
35 2660
40 5047
42 3591
45 3453
39 1258
40 1285
30 2476
40 4283
29 2324
17 6678
36 2338
40 2865
22 6092
41 4930
45 1611
37 1398
23 5069
50 2238
38 5283
44 5807
20 2188
19 2654
43 6506
12 6103
40 6178
31 0612
40 1600
21 5564
25 3503
263 1367
23 4344
36 4333
27 2287
31 3566
54 6520
38 6125
79 2151
36 0186
53 1958
40 5112
30 0923
15 2723
130 4856
61 5764
53 2392
25 6025
72 1351
40 2538
54 1760
24 1735
27 5684
39 5666
38 4231
34 4667
21 3731
19 5439
25 0225
40 6007
42 2556
28 3636
40 5269
202 5216
39 2071
23 2086
42 6400
37 6078
121 6455
20 1220
39 2706
24 0743
76 6378
86 1691
52 5184
30 4217
58 1037
40 3980
39 0278
123 4532
40 4563
39 1534
39 0178
44 6278
32 0436
39 2140
45 1895
39 1498
76 1051
41 2935
51 6325
40 6352
39 2415
24 3658
53 0409
39 0906
24 1585
26 1418
39 3718
40 2496
40 0125
51 3096
39 3331
55 0594
27 0541
53 6757
22 5351
39 0332
39 2683
33 2031
58 3432
41 1558
27 3498
26 3060
37 5997
37 5855
66 2840
40 1798
21 6212
25 2457
26 0621
39 1837
37 1113
49 1432
32 6731
52 4116
69 0833
16 3418
25 2231
42 0680
33 0012
40 5512
58 3838
47 6695
65 1981
22 3505
57 1386
38 3100
60 3155
16 1904
40 3938
20 0455
53 0495
46 2700
54 3097
39 5920
61 2371
46 0731
22 3527
28 0377
51 6604
24 5647
44 3903
27 3558
27 2757
33 3258
33 5578
39 0664
27 6463
39 4383
40 4378
43 2571
93 0637
40 0937
67 1532
40 1493
41 5678
42 0514
39 5587
42 4278
40 1944
40 1205
28 5778
41 1674
20 5180
71 3272
25 6494
29 4316
25 5725
99 4540
55 2606
27 6449
47 6554
24 3534
42 6306
32 2165
35 2187
23 3680
23 3677
49 1074
52 5395
27 5743
42 6044
38 4156
39 0106
48 1716
40 3854
39 3881
53 0577
52 4653
40 5803
39 3611
74 4420
45 4475
40 0244
39 1309
76 5417
17 6233
25 3860
23 4919
35 4869
22 1856
32 1466
42 5420
52 5878
39 1484
82 5896
26 4092
48 0033
26 6714
187 2972
39 3963
52 0442
29 0413
15 2029
58 2782
23 5978
40 3354
40 0639
42 1779
24 1874
20 3389
40 3764
40 3955
62 0646
49 2699
33 3176
42 1513
39 2060
23 5956
23 2429
42 6654
38 6623
40 1116
39 2809
16 2301
108 0781
53 4497
27 5045
40 5032
41 3149
26 1193
24 4769
26 5483
55 3451
20 3404
70 1287
27 3001
39 4056
66 2889
40 2867
42 0096
34 2474
40 1491
22 2652
25 6101
25 2263
16 1974
22 5132
40 5566
40 5149
60 1732
69 6504
17 0979
42 1124
40 0776
26 2629
40 3564
40 3194
26 4331
43 0188
38 2350
61 5114
48 2721
69 6522
40 4721
63 6595
52 6127
58 1922
53 1179
50 2390
39 2536
40 5236
23 5686
22 5631
51 5664
27 6479
24 6027
28 1668
40 4237
17 0068
59 2550
185 3634
51 5389
37 0986
23 0227
39 2084
39 0423
24 6005
42 4598
20 1226
40 1708
26 5214
59 1697
21 2326
41 6650
84 2093
31 6190
71 1068
40 3982
41 5400
115 1618
89 1035
39 0430
39 4826
39 4561
40 0390
39 2410
22 3734
23 3743
55 3339
71 2299
28 6350
47 4299
124 5354
24 4493
46 5323
66 0822
39 0908
27 1583
364 1313
40 0543
72 6708
38 0330
16 4004
77 2685
39 0868
68 4456
40 3037
41 5999
58 6755
37 1796
20 6210
39 3801
219 0988
42 4596
40 1835
41 5401
53 5857
164 2846
43 4059
43 4026
40 2486
41 0010
24 6733
39 5919
40 0715
78 1022
65 1627
52 3102
61 3153
41 6693
39 6668
41 4701
93 5084
39 6148
70 1506
57 1045
39 3095
38 5922
40 4706
19 5179
55 0493
101 1563
39 2702
19 2227
40 6606
42 0748
55 2828
44 3905
26 3525
30 5015
40 0668
22 5641
27 5127
55 1423
44 1334
62 3337
40 1948
39 4381
40 4376
43 2577
43 4068
40 1207
308 5306
62 0635
32 0642
28 1676
28 1926
40 5585
84 5550
103 4310
36 5723
37 1147
54 4542
37 2608
26 2267
29 6496
40 1710
37 2167
78 4905
22 2185
76 6556
45 3628
39 5393
17 0528
39 0745
24 6042
251 1330
21 2327
40 2519
25 3675
39 1741
63 1714
40 3883
40 4688
46 4655
33 5801
30 4477
27 0242
40 3613
39 2010
36 4528
31 6421
39 1482
25 5890
18 6235
41 0001
48 4473
39 4162
62 1850
42 3708
56 5422
64 2970
39 3961
39 2925
24 4090
36 4448
130 4801
27 3071
40 0935
48 0035
33 0444
35 0411
54 2759
137 0974
39 3788
24 4972
40 3766
40 3356
39 2136
39 1970
24 3170
29 5950
40 3953
70 3428
69 1515
36 2807
210 1361
38 4790
39 5030
40 0177
37 6621
34 3928
43 0346
40 2664
21 3406
47 1289
36 3003
39 2861
30 2201
39 0916
45 3822
44 4863
22 2650
15 0616
36 1454
27 2234
19 1881
105 6502
24 6107
40 5426
28 1126
39 0774
23 5130
39 3562
42 4337
40 3210
63 2505
21 6579
40 2727
42 6597
36 6129
23 4890
39 2396
39 5116
39 0980
51 4537
40 2534
55 2569
16 0815
27 6477
40 6021
40 1279
64 3039
50 1731
37 5633
37 4235
26 4242
85 2199
40 0221
72 2364
37 6451
40 4359
45 2552
39 1964
117 5459
22 4766
148 2082
25 2119
24 6192
20 1224
73 6374
45 1695
57 1640
56 4046
24 4953
113 1033
37 3984
90 5794
21 5757
118 3581
40 0432
51 0953
68 4536
27 4199
29 0392
15 2297
39 6329
40 6356
39 0563
32 0632
39 2412
46 4694
24 3741
39 0970
134 5321
12 1581
39 1311
40 0129
27 4119
83 0598
39 0545
102 5185
23 1414
22 0367
71 2687
46 4401
53 4454
132 3285
81 6753
18 6216
27 3803
25 0458
39 2747
17 1833
46 1449
23 3391
24 5859
96 2844
35 1794
70 0816
40 0016
40 0358
64 2906
107 0837
27 4759
36 2036
25 1995
38 6691
39 6666
40 0717
40 5402
24 3501
23 5079
25 3104
40 3151
39 1240
26 5924
181 0491
33 4881
79 3449
40 4665
48 6600
42 2891
23 0218
35 2320
22 4773
41 4630
40 5017
48 2446
24 5643
82 3907
39 0880
87 3472
39 0198
24 3254
74 3289
34 4374
32 2575
25 4329
44 1962
27 2631
24 0938
43 1375
52 2240
33 2215
37 3209
83 1920
54 5552
27 5721
26 5774
12 1145
21 6498
22 4957
42 4312
40 4678
24 5473
40 4671
22 2183
68 6558
70 0076
25 3673
40 4703
51 5391
21 5253
21 3858
39 0927
28 3885
222 5366
20 6418
69 6040
137 1332
27 6015
40 1743
52 4938
99 4265
40 4657
44 3998
108 4471
37 0240
37 4838
48 6423
17 6237
39 6280
37 4129
37 2012
39 1852
21 1883
40 5424
40 4711
34 1480
38 5829
51 5892
22 3967
41 2927
21 0858
40 5841
24 6317
166 0037
54 1047
23 0446
16 0976
110 2786
81 4500
37 5974
34 1878
40 3760
40 3358
45 2668
85 0117
84 3172
70 5372
39 0584
41 4992
59 3951
39 6146
59 2918
40 3426
66 1517
40 3023
33 3058
25 5952
24 2858
12 4792
17 2425
27 6627
132 1477
36 2805
38 5843
88 6638
36 2998
85 0311
37 0344
39 5036
30 3400
41 3005
18 6727
40 4687
72 1616
24 3820
33 0295
40 3263
39 2863
43 1392
42 3118
35 2478
38 6500
48 2280
12 6105
26 6172
85 2236
66 0772
17 1907
17 4335
53 1120
41 6649
38 4135
39 3560
205 1369
146 4855
40 6591
31 2209
53 4530
39 5118
39 2725
40 2394
31 2341
24 6475
39 6023
24 6089
39 1979
40 2532
50 5232
26 5635
69 5298
25 5660
40 1091
39 4240
46 4638
52 0223
40 5198
68 5595
60 5218
20 2080
35 2612
153 6453
25 6009
24 6194
39 6376
39 1642
137 1031
22 6327
112 5305
70 3986
26 5700
27 5755
39 0394
15 2295
39 1759
46 3844
26 0951
55 0561
27 4971
18 4924
40 4709
37 3747
51 4979
39 5327
27 3730
12 6354
97 6381
55 1317
79 5358
32 3607
58 6249
30 1416
64 5458
38 5860
45 5350
66 4452
54 0547
63 0049
32 6751
74 6704
25 0817
51 4403
39 2741
24 3492
37 4117
58 1792
21 6214
39 3805
39 6263
46 1831
39 1119
28 3729
40 5405
41 3324
55 2951
61 2904
66 0839
55 1569
53 1630
37 0014
39 4171
167 3297
30 6664
91 6639
62 0711
39 5498
44 5080
23 5077
39 3106
40 4077
29 4883
24 3091
39 1543
30 5926
51 2893
40 2377
37 4771
24 5011
40 2444
35 6602
101 3909
39 0882
24 3529
40 3474
39 0196
22 3256
79 1919
39 5572
24 5509
40 4677
39 4296
72 0770
30 2633
39 1377
40 4372
27 2242
47 2213
27 5554
52 6561
28 6155
38 1143
34 1999
120 3274
42 5589
38 5164
24 4008
27 5776
24 6039
38 4157
17 4209
62 4901
29 2181
40 2754
24 0070
12 3671
53 3624
25 5749
74 4804
27 0239
17 5175
26 6017
39 1745
153 5251
41 1678
27 5204
38 3887
67 5601
39 4289
76 4267
40 4659
39 1216
40 1945
153 1685
37 6425
25 6282
40 4127
37 2014
114 3704
23 3374
40 3759
157 3303
24 6315
75 2176
24 3370
39 1010
115 5364
21 3965
50 2921
39 4101
92 2788
48 4502
28 5972
52 5279
44 5989
63 0647
55 0115
123 2793
99 0586
52 4990
39 3762
24 3344
32 2693
70 4419
56 3021
49 5909
16 1447
23 1192
43 3424
27 4768
39 6625
191 1475
39 2803
36 5482
78 4794
53 4063
170 4499
51 5034
27 2427
35 6725
59 0313
46 0095
39 3826
20 3402
51 3007
74 5100
44 1810
33 0638
25 3519
41 1390
42 6170
30 2230
31 2590
52 5134
40 5143
37 5539
74 4899
39 1122
57 2351
38 4736
26 3537
45 3130
62 1923
33 3913
39 6528
40 6593
56 2343
39 4055
40 2530
78 2565
43 4022
24 5637
40 1093
24 6473
46 6488
114 1275
30 0607
27 5771
49 1662
21 3235
40 0932
142 2383
40 4246
38 4847
42 4577
45 2610
39 1644
22 2115
73 1619
56 6542
22 6196
46 1228
26 3372
53 5753
39 5597
182 6370
15 1699
71 1348
58 5307
40 3846
27 0957
43 0396
19 4922
37 3745
42 4492
59 0170
21 4012
69 6383
25 0567
13 4973
38 4228
33 3650
61 1059
19 3605
153 5325
30 2068
22 6061
176 1315
243 1771
23 0549
42 1848
29 1410
38 3348
25 5862
52 4002
39 0862
45 4405
51 4450
40 0261
21 3490
28 3068
76 2152
40 6706
54 6408
46 1790
25 3724
39 3807
119 6261
18 4206
38 4148
40 2743
24 4817
62 4900
22 3790
18 1866
39 3326
71 2902
71 4028
75 5344
31 6739
39 2953
40 0205
60 4173
40 1299
40 0713
40 0294
24 4788
39 5028
72 6662
39 3930
66 0309
33 2674
29 5075
66 1541
74 5928
39 4777
59 1984
191 2895
40 4708
26 2877
39 0884
42 5013
78 1422
40 0666
55 3336
77 2381
18 6139
27 3476
56 1990
40 3250
39 5108
40 5570
228 1371
41 4370
46 4325
24 5702
25 2635
42 6563
22 6157
38 2244
34 2211
204 0691
27 5188
25 2264
18 5166
21 5556
54 5135
28 5770
23 1141
39 6037
37 3541
49 5228
27 0744
16 4207
40 4675
40 4602
40 0733
41 0237
229 1336
39 6011
64 5194
19 0072
49 2546
53 3626
46 1747
54 5206
27 3889
27 5603
39 4261
40 1214
21 1066
314 1687
39 3619
40 4125
22 4861
24 0949
47 4834
39 4559
31 0406
21 6427
52 5695
23 6284
38 6313
36 4969
41 3702
100 3301
25 3699
53 1012
97 5362
51 2923
51 4504
46 5970
42 5987
25 0113
39 2137
19 3225
68 4103
25 0580
108 4996
40 2691
40 3197
39 3879
26 2293
39 0197
56 3422
23 3027
39 4983
51 1473
41 2801
39 1986
54 2854
15 3392
16 6226
17 2421
40 1829
30 6723
25 2994
52 0315
39 0917
40 4061
74 4034
18 4431
47 3459
132 3268
25 3009
40 4835
53 3072
39 3824
14 0813
27 1455
40 1812
40 0709
40 2148
26 3517
40 1396
18 2232
156 3300
16 2592
31 4897
40 6176
66 3089
57 2363
15 2318
51 2504
16 5141
27 3531
39 3132
96 3911
40 2729
67 2398
45 2345
33 2202
51 2567
33 1095
32 6471
81 6486
29 2258
39 3786
30 3233
90 5591
39 4244
40 1277
25 6118
26 4761
83 3705
39 1660
34 2616
38 2405
40 2558
16 4306
39 4047
40 2498
112 5365
137 6540
20 6198
103 6372
34 5102
80 1646
39 2117
39 0919
66 5301
24 5704
40 5751
11 1160
94 3840
27 0955
24 4193
55 4569
41 0398
42 5270
26 6058
39 0971
16 2291
193 5249
40 6358
131 6385
25 0565
26 4291
40 4975
20 4920
50 4625
22 3652
18 3603
18 5986
40 0258
39 1623
25 6063
74 2583
37 6245
19 3390
37 6298
40 5272
93 5101
39 1846
28 1412
34 3346
38 5864
39 5489
84 5886
21 0860
59 4407
41 0263
40 0045
43 5496
187 6700
25 0363
39 6267
40 5054
20 0452
53 0429
69 4840
26 4815
51 3496
83 5001
168 1860
40 5409
40 3320
18 6218
27 3792
39 2955
75 2900
51 4175
39 1565
29 5911
55 0018
40 6660
52 6635
25 4757
40 2676
26 5073
29 4729
33 4914
40 1547
33 3932
39 1538
61 2897
25 2820
38 2875
25 4775
106 5094
40 2440
39 0886
39 4040
40 6137
28 3478
44 0192
40 1940
24 1915
52 5576
24 0939
39 2035
26 4327
39 1138
29 2042
39 2637
139 3578
107 1373
12 6151
18 2246
161 0693
48 3278
40 5160
31 5558
43 2163
37 6565
54 2717
39 6587
27 5772
27 5470
51 0751
25 6035
40 3543
18 4318
33 5226
12 5623
25 5658
40 4258
39 4600
39 0235
39 3878
174 4205
43 4398
85 2511
40 2544
50 1242
39 3620
27 5200
38 5605
51 1520
53 6013
40 1212
40 1681
146 4263
55 3992
26 5718
17 6429
40 4712
24 6286
39 0912
37 4836
136 1996
63 2172
39 1885
39 3755
71 3307
52 5898
40 4098
50 6311
46 6344
79 1014
77 1041
40 3969
40 5335
51 5375
47 0419
47 4809
41 4506
39 5035
26 5985
46 5818
40 0111
39 0472
25 0582
52 0535
38 4994
54 4941
57 0829
25 2697
15 3420
42 3025
39 3052
18 5958
40 4693
40 5289
18 6224
17 2423
29 1471
78 1424
43 5845
23 2856
70 5832
22 2996
43 0317
22 0847
110 4433
20 1930
77 0024
26 6721
40 1814
45 0707
26 2869
40 0341
29 0104
29 1394
39 3112
51 2669
22 3169
21 0844
50 2594
39 2961
40 2776
24 6174
27 1504
96 5932
49 2361
152 0721
39 0921
47 5147
38 2009
39 3134
69 4531
26 6616
26 3917
24 3533
85 3584
48 4281
40 4684
78 2347
20 2649
67 6484
23 6083
40 2561
40 0603
133 5292
37 1097
83 1980
48 1271
32 1666
39 3231
22 1936
175 5593
25 5524
22 4351
48 4304
39 2135
24 1159
43 2614
115 6459
45 6546
28 2270
124 1648
22 2111
47 4649
77 1062
24 5706
25 1162
113 1344
17 0088
41 1894
35 1753
92 1728
42 3842
142 4191
39 0510
40 4977
41 4627
71 6387
11 6065
25 1319
107 1050
22 3654
22 3601
40 5329
40 5274
39 2064
22 6433
14 1197
38 5866
38 3319
26 5884
27 6247
93 0265
21 0623
39 1844
65 6702
44 2442
43 1008
41 3977
39 0866
30 2039
21 2046
39 3494
39 0047
39 6265
43 0450
51 1987
39 3794
113 1862
24 3399
19 3776
40 3322
39 2957
46 6468
39 0739
40 1434
38 6330
27 5913
39 5499
54 0476
39 1295
27 6637
65 0290
49 0807
40 0130
42 2670
26 5071
42 5024
39 3159
40 2439
37 5711
40 3934
44 0808
39 3441
39 1248
42 1545
27 1590
29 2822
22 2328
37 2873
57 0194
39 5241
54 4114
64 6608
39 1102
37 6363
39 0888
46 0323
42 6168
40 0662
67 5104
45 5574
112 5159
54 5503
175 0724
17 6135
39 6688
24 1136
23 0768
27 6716
28 4321
25 0648
242 0695
19 0368
50 0488
40 6567
110 2715
24 6585
37 6153
40 0201
26 1928
24 5162
24 3545
27 5621
21 0415
23 6033
20 2027
59 4805
36 5224
25 4203
40 4606
39 2542
42 3622
36 5399
36 0233
25 6410
24 6048
102 2513
40 1942
54 5202
40 5607
41 6182
40 1210
130 0248
17 6368
40 1683
36 1982
174 5319
40 3990
39 0910
24 0945
38 4526
22 0382
39 3757
43 3305
47 0168
40 6346
25 0559
51 2170
40 4668
24 3695
48 1016
102 3648
33 5337
38 5730
39 2062
98 3034
111 4508
50 5983
123 1327
42 5106
40 1110
42 0537
23 4943
39 1408
40 3768
53 5910
59 4016
44 2695
63 4413
65 4468
40 3488
25 3050
34 5481
17 6222
39 3875
44 4588
40 1426
50 2850
40 5830
40 0094
125 0841
51 4435
179 0022
23 2990
38 5737
21 3408
32 0705
35 0149
56 3828
58 0644
40 5492
39 1816
39 3948
22 2963
27 3513
39 3110
39 1502
30 5930
38 3799
41 2596
38 1629
23 1994
54 5145
39 2307
40 2770
39 6641
77 6614
56 2367
24 4730
28 0794
30 3568
40 5050
113 3586
27 3136
40 0353
55 6599
43 4023
40 3462
66 2349
12 3248
56 5548
58 2563
24 2461
39 3282
81 5290
37 5668
36 1099
38 0604
21 1704
22 6081
67 6519
48 1273
55 0601
38 0654
41 1664
52 2095
51 1613
23 1934
23 5526
40 4302
25 3181
21 4353
45 2272
184 3899
55 2113
40 2494
38 6544
34 6533
26 1164
174 1346
60 4491
24 2509
371 0820
39 1751
24 4197
42 4621
120 6389
48 0516
39 2139
57 4277
43 4025
40 4142
39 2066
64 2249
40 3487
21 6431
21 6067
39 5882
26 6241
51 5276
52 2153
37 1842
137 1191
20 1868
55 3971
53 0864
38 0267
44 4903
59 0041
27 0984
40 4844
41 0966
39 4811
53 2091
48 1024
40 1839
36 3721
19 3774
153 5087
43 0109
40 6332
39 0578
78 1020
55 0478
115 1293
23 3019
27 5915
27 0292
26 4782
40 0132
41 2437
39 4538
41 1469
40 3936
84 0303
27 0378
36 2672
39 5026
48 3443
52 3099
22 1592
49 3814
35 1496
30 1100
18 2824
26 2871
40 4779
31 0325
40 5019
41 4697
40 2484
95 6541
35 6740
29 6133
31 4884
17 1911
55 0147
51 5501
53 5099
71 4323
348 1134
39 1245
56 2713
39 6583
40 0697
40 0207
39 2886
24 6031
18 2325
24 3547
63 5222
25 5627
99 1083
24 4201
16 4254
29 2189
40 1269
39 2417
27 0231
38 1658
104 3229
45 4394
21 0078
31 4349
39 2540
46 6552
47 5259
74 1061
42 5609
19 6412
29 2626
39 5703
44 6180
39 0152
18 6366
45 0407
40 3212
25 2109
56 5692
33 2265
231 5317
62 3996
12 0947
39 4832
24 4189
159 4553
40 0380
41 0166
25 5689
40 6340
40 0557
40 2131
51 2127
82 3751
16 1976
50 5331
37 5732
63 5981
39 1325
50 3697
24 5531
40 0978
103 0531
40 3196
24 4945
39 1406
48 5814
39 0878
61 4411
25 3660
153 0825
41 2005
44 3056
27 1420
25 5849
43 2852
40 5836
39 0914
44 2016
38 3877
40 6275
42 1114
80 4522
98 1596
41 1898
110 0727
24 2992
29 2943
39 2938
66 4032
33 4085
75 4437
32 0020
39 2419
38 4163
29 1818
40 0703
39 4749
164 2965
24 3511
69 3116
52 5936
35 2598
39 4891
37 2570
37 1500
41 3038
70 6612
44 2365
34 2838
31 2312
23 4767
42 5052
313 5003
25 3138
30 2458
41 6643
39 0892
27 2203
71 4480
40 3460
43 0678
14 3246
148 5546
40 2463
40 1802
23 1104
30 2645
24 6480
23 2174
24 6087
43 5410
39 1389
20 0791
47 1887
17 2252
20 2229
125 5296
20 1932
23 5520
27 5493
40 6147
48 0329
39 1963
39 1043
86 3183
51 4355
42 4300
35 2274
228 3897
18 2618
40 4618
58 6531
39 0146
40 1770
77 4645
23 1166
37 4195
81 1340
53 1757
57 1622
33 4297
196 4220
40 4698
25 4275
33 4623
85 6437
22 6069
66 2521
42 6243
24 6292
26 5278
96 2792
93 4518
40 1840
45 3340
52 3315
58 5880
39 1231
65 4003
22 3538
105 4458
34 0269
48 3583
40 0043
40 5378
46 3973
31 0454
63 0931
40 4846
42 0964
37 4576
39 3772
24 5478
43 5234
42 6269
250 0972
36 6334
23 2403
24 3723
52 5343
63 1291
23 3017
38 5917
39 0134
60 4915
40 2435
39 6633
66 5877
24 4780
32 0301
60 5020
25 1594
20 3570
43 1789
90 3812
40 3445
39 1549
39 1106
68 2826
23 0453
17 6742
23 0327
20 6131
17 6164
19 2043
264 0764
24 0425
33 1913
39 5155
32 5462
39 6684
40 1132
17 6659
40 1379
39 3144
23 2219
40 0699
39 0484
41 2711
39 6581
25 1149
39 2884
119 2382
24 2335
27 6099
23 3549
54 5220
26 5625
22 5652
352 1081
40 1267
49 0619
39 1656
39 1253
40 5569
20 4256
49 4396
102 2517
104 6414
33 2624
56 6019
40 6186
40 0150
40 3214
34 2337
42 2107
69 4269
18 6576
143 5315
94 3994
24 5847
25 5712
22 2162
27 5769
16 6364
40 4695
40 0386
63 4361
84 0941
44 4551
39 0508
41 4961
37 2121
97 3753
72 0164
27 5734
81 5374
40 6342
23 0555
17 1323
27 3691
40 5333
30 5384
40 0475
24 6073
35 5816
39 1296
117 6259
28 0588
55 0533
13 4947
39 1404
54 3662
61 0823
70 4417
40 0273
69 2003
40 3484
39 3054
59 0059
48 1966
40 0297
38 3871
36 6277
51 0468
56 1614
115 0643
53 1821
24 3739
18 5431
39 1495
53 5834
40 2941
41 0348
28 4087
24 4439
95 5969
30 2949
67 0340
15 2282
105 5460
27 4161
42 4870
23 1579
33 0701
23 4747
97 3114
39 3163
39 3944
40 5256
531 2967
150 2688
40 3081
41 1557
33 5934
22 5943
48 2310
19 0790
40 2133
41 6645
94 6610
42 3919
39 0890
134 4482
24 3539
40 4685
40 3466
41 0676
76 5544
24 5519
35 2465
26 2810
50 3244
11 6085
40 0650
151 5294
39 2647
43 6515
23 6110
27 6145
17 2250
39 1965
17 3262
38 5599
28 5176
71 5522
128 3185
145 0725
40 4357
39 0920
54 5929
25 3553
69 6537
40 4076
63 2276
75 3895
39 2416
60 4643
39 6548
40 2730
24 3736
52 5759
25 1168
26 2493
21 5469
22 6050
115 1342
40 1755
55 1722
40 3848
24 5675
40 4222
29 4928
41 4273
40 1208
138 0250
35 1679
39 2523
39 0156
100 2790
51 4516
50 6435
40 6442
24 3317
39 1233
40 6290
46 2168
39 1002
60 1079
47 0962
24 2048
65 4570
61 2288
43 1182
40 0933
40 2401
65 3308
39 3725
31 3770
40 3328
52 5345
47 2908
40 6336
37 3048
38 2774
24 3015
39 0433
42 5875
36 4786
39 0136
53 5022
18 2433
40 6762
27 6719
39 5240
66 2988
77 0307
37 4115
25 0857
100 3447
41 3073
23 6201
42 3810
29 2448
39 3787
30 1456
21 3382
28 6744
24 4734
38 3128
31 2582
48 1724
38 2745
67 5157
51 5505
62 2303
40 2768
20 6166
25 1912
39 6686
90 1130
39 2359
24 4728
73 5095
39 5048
41 3146
36 5793
41 3927
145 0486
18 6159
56 1521
38 2882
79 0759
50 4155
39 4713
40 5168
53 0195
129 4806
39 6671
104 5288
24 5650
40 1087
23 4904
40 1265
72 1654
46 1609
21 4250
40 1943
80 6416
43 2622
39 4390
58 0624
39 5208
39 2105
21 6574
84 6184
40 6362
34 6399
104 1689
38 3216
39 1951
59 4363
131 5313
40 5058
25 5710
36 0943
22 4185
39 4557
40 0384
102 3270
61 0162
39 2063
16 3035
50 6319
11 0553
52 4967
37 2123
42 2194
26 3693
62 3642
56 1049
34 3639
40 5386
43 5736
22 4726
24 6071
21 1321
39 0119
196 6257
22 1705
24 4949
68 1402
24 5448
43 4637
11 3664
47 0821
65 0874
57 4415
101 4462
39 0271
40 0057
95 5368
38 3873
44 6271
53 0466
39 0929
40 2001
38 4539
19 3486
21 1823
39 1479
60 3361
42 1497
78 4081
24 6297
53 0148
25 6729
39 2947
52 5781
32 0645
39 1977
12 4167
48 4872
23 1577
24 4745
54 3798
33 1628
25 3711
39 3946
67 2969
18 3395
39 3161
77 3439
39 3083
40 1551
19 5941
25 5480
49 6647
139 0729
19 0792
39 0896
48 4484
40 5056
39 4020
110 2716
40 3464
19 3413
43 0674
55 0605
39 2812
32 3242
52 5262
62 5542
40 2467
27 4571
30 2641
25 6112
27 6143
35 2256
40 0652
55 0750
134 5196
47 5121
25 5174
43 6517
39 2709
40 4722
24 1151
49 2378
22 5810
26 3551
40 3187
29 2278
40 5466
39 3893
25 5619
40 2492
40 4614
31 2661
40 2732
43 6535
40 4010
29 0080
66 2578
49 1720
25 5699
37 5677
36 6052
40 0934
102 1436
38 4224
41 4271
54 2525
48 3609
54 0252
48 4514
144 4549
39 6440
25 1235
26 6296
35 4674
19 3311
171 5086
24 3689
85 1000
63 0427
22 0960
37 4572
26 2407
24 3727
26 3522
45 6338
48 4286
40 5347
66 4074
28 3013
64 2054
34 1300
52 5873
40 4784
39 0138
23 6238
40 3869
28 2431
38 5429
47 2986
35 0305
47 4071
42 2678
25 0855
33 4445
45 1598
40 3334
117 0038
33 6760
33 1785
18 6203
39 0449
39 2752
39 3785
37 1458
38 5412
31 5346
37 3126
32 4885
62 2580
33 6746
128 2055
44 2766
24 6160
28 1518
113 5906
68 2357
34 0289
40 1244
40 5151
153 3140
40 2485
16 6680
28 3925
99 5097
39 1523
39 4715
40 4700
32 3200
39 0480
39 6673
27 2880
22 0209
12 6095
40 5060
67 4917
40 3304
41 5656
98 1085
39 4252
174 3264
59 1263
79 1060
40 1652
103 3298
41 4392
24 4343
89 4338
32 0400
29 2620
37 5693
33 2262
36 1218
39 0154
51 2204
48 6360
168 6397
40 3218
37 1953
31 2103
71 4365
205 5311
52 5716
27 1172
12 4187
41 4555
235 1358
40 1726
66 1603
17 0160
40 1769
120 3290
25 5638
25 0551
54 0504
24 4965
37 4238
29 4912
40 4635
47 5380
38 5738
38 5427
26 4147
22 6077
39 0063
25 3640
39 0172
40 6255
46 5260
32 2078
39 1400
22 5446
49 5812
60 4460
40 0277
62 0055
11 3666
55 3989
94 0876
28 0464
23 4138
39 4580
63 4829
38 4837
27 3480
42 3332
40 5838
39 6273
32 1825
40 3363
26 2418
39 2945
107 5783
42 2932
23 0849
124 4083
40 4692
15 4874
26 1575
19 5965
25 4165
37 4112
40 3713
21 4743
16 3195
46 3167
56 5947
39 3940
118 0421
27 3085
39 1553
24 5938
20 3067
39 2832
27 4738
46 2849
39 0915
39 0894
67 4052
63 4486
39 4136
45 1626
18 3411
30 3784
42 0672
39 0689
28 1457
27 2814
21 3240
97 2175
24 5515
40 5411
74 3831
20 1886
28 2469
33 2643
40 5494
39 3109
49 2254
29 2223
39 4049
83 5172
47 1042
20 1906
37 5799
40 6511
39 6114
25 6141
17 6523
51 1153
23 0217
74 5123
23 3557
59 3189
38 3891
40 0141
24 5617
69 1773
35 2734
120 2798
40 4616
39 0082
24 5671
27 2581
22 6054
23 2316
25 5454
23 4763
27 4226
41 4629
53 0254
37 4827
46 6439
27 6446
54 2527
52 4000
25 6294
101 4512
52 3313
39 1237
38 6301
22 3687
188 1006
42 5235
27 3979
178 0973
26 5744
39 4146
25 4819
87 2099
100 1339
39 0101
34 1748
38 0570
40 4284
39 4982
49 2356
40 4683
40 3205
55 1028
24 3093
41 4429
51 1924
27 3011
39 4140
55 3044
40 5464
60 1302
54 3867
15 2019
90 3573
48 1188
53 5871
69 5824
40 0802
17 0853
51 4447
54 3975
39 2984
21 6205
44 0995
17 2022
40 1806
26 1108
27 5414
38 2879
42 1787
61 3124
66 3179
29 2040
28 2586
23 6748
77 2915
27 6162
39 5904
36 2308
186 5153
64 1438
54 2764
24 5476
40 6682
39 6653
26 6628
27 2355
41 3923
67 5091
17 3596
40 3142
40 1257
39 0482
40 3456
16 6675
49 2388
34 4717
25 6097
71 5062
32 2473
67 0371
81 5284
23 5654
31 1522
28 2659
115 1261
12 6108
24 2268
108 1650
22 3221
18 5139
25 5536
45 4130
37 4341
46 2548
35 5959
20 3223
23 4006
39 4714
29 3193
22 4952
19 0628
30 2206
18 0788
108 1988
37 1955
51 2101
69 6570
40 6188
38 6525
24 5714
41 5763
41 1170
69 6395
24 6028
165 1356
28 4367
32 5377
62 1767
24 5681
54 4181
40 0388
40 4662
49 4633
39 0474
24 0228
40 2487
40 6348
39 0506
39 0061
128 3646
39 1297
40 5339
40 5382
40 5266
39 2076
46 6407
24 6075
40 6002
105 6253
40 4048
41 0539
18 4210
21 3239
24 5444
18 1470
27 1445
25 3668
39 0870
18 5436
40 0275
24 2050
27 3482
123 0053
15 6228
40 0462
40 4582
40 1827
23 3733
51 3365
24 3748
84 3330
43 2283
63 5785
39 2930
99 5308
33 0846
35 4907
46 6322
21 0028
139 5353
51 4110
81 4876
25 1573
41 1588
24 5967
40 3715
29 4741
47 5257
40 0122
78 2156
19 3165
39 0593
40 4590
39 3942
85 0339
65 4408
50 3435
22 3087
75 3030
32 3065
22 5945
22 0215
53 5990
42 1608
40 2146
20 3808
33 2450
52 0296
48 1186
54 1442
17 2830
18 4253
48 0373
159 4050
56 4488
39 3588
20 3417
39 0670
39 0687
28 6734
39 5517
15 3833
39 3468
38 2816
24 3508
44 1381
48 0403
58 1620
67 6513
59 4888
70 6116
40 2221
25 0211
57 4533
40 5125
40 5170
23 5528
37 4308
25 1155
25 5648
39 2411
26 3555
23 3735
40 4641
67 5615
25 5468
40 4610
38 2736
55 6539
27 5277
37 6466
24 6056
62 4388
48 2507
39 5247
24 5673
31 2034
39 0157
55 0256
39 3202
41 5582
43 2529
26 5728
28 4134
116 4510
96 4545
44 2601
40 6444
50 6491
54 5888
39 1239
55 6303
37 4959
41 3685
84 1004
56 1073
30 1183
75 3309
47 4280
31 2286
70 2154
37 0572
40 4282
15 2159
24 4937
22 5808
49 2503
177 5355
40 4592
39 4427
38 2775
211 1304
21 2305
39 3614
44 3865
32 3046
23 1859
36 1463
27 5826
34 5243
27 5423
27 4441
48 6764
145 1632
33 6713
71 2982
62 2979
49 0376
20 0851
40 4097
69 0993
40 2756
67 3079
87 1633
44 2319
96 1781
21 6207
28 3781
17 1873
20 5416
40 3351
42 5183
39 5146
74 2917
54 3122
38 5902
25 2584
39 0321
39 2762
31 5792
45 6651
39 2353
60 4799
89 5093
53 5042
45 3594
39 4152
90 3921
38 0318
41 2719
31 0660
39 4807
23 3454
99 1527
40 1280
59 4719
82 5064
31 2471
16 6677
44 1089
20 2657
22 6091
22 3252
55 0611
39 3283
156 5286
100 1607
26 5561
27 5534
45 6509
40 4720
106 1360
65 4347
39 0158
41 0185
24 6527
41 6120
39 1176
89 6393
92 1638
57 1957
65 5111
25 0098
40 4369
23 5761
18 1738
39 5683
39 1902
28 4183
73 1354
31 5996
74 1765
20 6163
53 0500
83 2129
18 2192
11 0067
35 3644
48 3633
63 6405
22 2195
40 6251
17 1703
37 5213
39 2074
19 4212
78 0752
79 1048
21 1223
39 0872
48 4464
40 1692
54 0051
85 1038
19 0460
40 0435
39 4584
323 0958
39 2052
38 4566
111 1537
36 1892
18 3367
40 6320
58 1196
98 2143
147 1056
104 5787
41 2936
39 4169
39 0905
43 4878
39 1571
24 1586
28 5961
51 1112
39 0120
40 1433
52 0591
48 3717
27 5869
70 5487
73 0337
50 0818
36 2680
64 3032
27 3063
34 5992
72 6758
68 0832
72 3437
39 6618
17 1440
76 2836
39 5852
19 0798
40 0351
97 5009
24 2452
15 1706
27 6736
39 0898
39 2958
23 3835
18 3415
35 0685
40 0718
27 2818
27 5511
40 0203
58 6698
34 5089
54 1383
42 0286
69 0658
56 1938
32 0498
39 1157
59 2898
22 0213
43 0732
40 2666
27 3520
37 5613
154 3900
40 4612
38 2738
38 4144
63 4386
24 0086
55 2572
132 6460
39 2638
26 2097
23 1200
39 0144
39 4980
34 1671
67 1624
63 5580
38 5726
25 5128
110 4547
19 2603
42 6493
16 2160
40 2489
23 3506
92 6551
25 3667
40 5740
25 6305
36 3683
25 3678
67 1071
40 3851
40 4578
99 4931
40 3778
42 4704
77 5806
39 0105
69 4478
206 2057
22 0574
40 0521
39 2409
56 3616
54 4425
49 3040
22 0527
39 1306
61 5820
38 3863
39 6289
35 5461
23 1465
39 1487
56 2980
20 2977
35 0374
40 4095
36 4443
37 1026
28 6711
46 1783
24 6209
40 3818
79 0622
35 4886
66 0991
24 0416
17 2026
40 2781
24 1871
40 5418
40 3353
92 2911
80 3120
40 3175
41 0009
39 1531
40 3958
39 2760
53 5900
27 5955
130 0766
60 0283
43 0784
25 3592
30 2372
15 6657
40 4707
37 2663
39 5040
47 3452
39 1529
47 1282
31 2477
16 6679
39 2864
20 2655
21 6093
39 1399
40 5066
88 5302
63 0613
82 2239
27 5280
40 5532
43 6507
79 1129
50 0401
55 1601
30 5563
60 0614
89 1366
78 4345
17 4332
24 0800
33 5964
42 6521
39 6122
38 0187
113 6391
32 0742
40 1959
50 5113
64 1602
22 5767
100 3291
39 1174
23 6024
129 1352
40 1763
40 5685
38 5667
40 0502
42 4232
40 4666
19 4249
48 0372
23 2290
37 0224
89 6403
23 6079
90 1329
21 6006
40 0065
42 2555
48 3631
37 5211
39 2072
39 2089
39 4214
40 5440
21 1221
67 5690
39 0279
129 1690
66 1036
23 5709
31 0437
46 4586
40 4823
37 4564
45 4290
51 6279
39 6326
42 0568
63 2141
12 3737
91 5357
38 5789
41 2934
19 4089
24 1584
27 5963
111 1365
40 0126
31 0408
39 0907
55 0597
40 3719
142 0422
24 4009
33 2682
141 0997
19 5994
51 6756
18 2020
51 0335
27 4123
74 3431
40 3207
63 1559
19 3061
20 5949
33 1446
17 2834
24 5854
129 2843
45 4520
40 1799
18 6213
40 1800
35 2454
46 1836
25 6730
26 3380
40 4054
79 0830
39 3700
27 0683
39 0013
52 5495
24 5513
42 0473
17 3837
53 6696
37 3504
39 1385
39 3156
23 2225
40 3939
71 0496
47 2701
39 1533
30 0140
27 5273
96 2370
43 0730
39 3559
22 3526
36 5611
24 5644
197 3902
41 0003
47 5579
146 0728
40 5455
18 0793
142 6462
38 4384
20 0630
61 4923
40 3206
45 5586
41 4279
28 5502
24 0093
47 6568
39 1202
110 5360
36 5724
96 5779
47 5798
33 1673
28 2605
84 6448
47 6495
45 4315
36 4541
26 4158
24 4908
61 6553
56 1737
38 6307
36 4955
27 3681
25 3676
39 1077
30 5396
39 5742
31 3857
130 0968
68 0760
23 6047
23 1992
24 0107
18 1925
55 1717
52 0576
39 4988
51 4933
41 4650
21 5804
95 6703
40 3610
51 4423
40 0247
55 3042
39 1308
29 0354
17 6230
20 3861
93 4868
22 1855
26 1467
45 1888
45 5421
39 1485
44 5822
39 5895
44 2928
29 4093
21 0983
40 0030
29 6717
40 1019
21 2975
39 3962
24 0441
31 4814
22 0414
22 2028
76 1967
40 2783
23 5979
39 1877
20 3388
40 3355
25 3177
40 1808
39 3956
57 2913
26 5477
157 1510
39 3028
21 5957
44 2588
66 0782
18 2428
18 6655
39 6622
39 2808
33 0281
130 3572
38 4490
43 5046
39 3590
41 3148
44 4018
42 1284
24 3450
39 1259
23 3405
38 2888
72 2339
40 2866
23 5068
27 2475
26 5282
22 2653
33 6505
39 6102
29 6179
67 0615
53 2331
65 3227
25 5133
30 5565
40 5148
23 5530
32 4330
36 5408
105 6457
25 2628
39 3567
41 1364
26 6124
44 0189
63 5115
18 2722
100 5376
49 6594
38 5765
40 2393
21 6026
159 1350
40 2539
39 1761
39 1734
27 5687
24 5630
23 5665
56 0608
51 1566
37 0226
49 1669
38 4230
40 2557
40 3637
40 5388
53 5217
39 2070
32 2087
54 6401
167 6454
22 6004
62 1227
18 5437
39 4219
40 5268
246 6379
44 1696
39 4216
119 1034
131 1069
40 3981
38 4562
34 0075
40 0179
181 5309
104 4036
39 0431
54 4821
31 2147
36 1896
36 3742
42 1499
63 6324
26 6353
108 4176
21 5254
51 3659
90 1052
173 5322
42 0909
25 1582
30 1419
40 0124
30 5187
24 0214
27 0595
39 0540
55 6754
31 6709
39 0333
39 2684
131 4457
44 3433
46 4750
38 3036
24 3499
39 0924
80 1507
40 1797
20 6211
71 0989
21 2456
27 1834
89 1444
22 3394
23 5856
146 2841
43 4021
32 0681
41 0011
21 6732
123 3839
16 3419
40 0714
20 5181
66 5085
39 1387
84 3101
43 3154
41 6694
152 2059
39 2032
39 2703
40 6149
69 3094
26 5921
40 0749
17 2323
36 1897
34 0494
32 6605
46 3904
25 3524
39 5014
54 5646
33 3259
24 3515
38 4382
45 4379
44 2576
30 0636
25 5679
33 3201
39 1204
37 2011
67 1615
29 1675
39 3204
38 3074
224 3273
46 5584
77 5551
65 4317
24 5722
43 1146
27 4543
33 2607
31 6497
60 6555
30 1180
26 2164
39 2186
24 3674
86 1075
41 3629
54 5394
40 6572
24 6045
79 1331
33 0081
107 1053
40 2518
16 1975
33 1740
70 1715
29 3855
55 3880
41 4652
50 5802
47 4421
42 4474
39 0245
27 0626
41 0181
40 3612
25 4866
35 4529
57 6420
21 3371
39 5879
35 1483
42 5897
15 6232
23 1857
33 6715
27 4732
24 2973
39 3960
23 4091
24 0412
39 2758
92 2785
32 5977
40 0032
34 0443
40 4041
39 1875
40 3765
40 3357
91 4854
43 2698
20 5791
41 3171
65 5951
50 3954
140 3429
40 1512
38 4153
26 2806
74 0287
72 0780
39 4496
44 0193
27 5044
96 4800
44 5033
40 1721
40 3211
24 5672
48 0347
20 3407
40 1286
23 3000
39 2860
24 3253
44 3823
52 5107
17 2651
14 0814
19 5435
42 0617
60 2235
39 1900
40 5567
23 0365
23 6100
36 1125
63 5007
40 0777
40 3565
36 4336
24 6578
93 2720
66 6596
59 6126
46 2391
61 5117
25 0092
57 1178
40 1490
23 5632
39 5663
55 3341
34 6478
42 6020
54 2178
40 1278
40 4660
18 1736
26 2196
39 4236
27 2198
54 2551
170 3635
25 0220
100 6456
24 0069
40 4358
55 1709
183 5215
42 2085
23 2118
38 4218
29 6191
19 1225
40 5199
40 1694
55 1641
40 1960
27 2033
23 3983
39 0925
23 0952
147 4535
40 4198
39 4560
30 0391
26 3740
47 3338
20 2298
40 6351
40 4298
40 2145
22 4927
40 1430
40 5320
27 4118
40 1580
39 1312
38 5486
52 0542
42 0331
134 0835
17 4005
40 2686
39 0869
50 4400
51 4455
50 0806
17 5998
91 6752
40 1795
18 6217
38 3800
28 0459
53 4597
19 1832
40 1707
42 1431
36 5858
74 2847
163 4027
40 0017
37 6620
39 4058
69 2907
40 0200
68 5918
40 0716
39 0299
41 3152
26 4724
38 6692
39 6669
25 3500
23 5078
52 3103
47 1241
27 5923
21 3237
40 2667
17 5178
86 1007
34 0492
52 2705
39 6607
46 2374
19 2829
23 2321
38 4772
40 5016
32 6743
39 0669
22 5640
38 3906
67 0424
89 3471
27 1949
26 4573
39 4380
41 4377
46 2574
40 1891
39 0926
40 1206
21 5129
42 0634
30 2216
38 1677
423 3271
25 5553
63 4311
24 5720
28 5775
55 1144
54 2609
27 6499
35 4066
25 4951
40 4672
40 4609
81 6557
38 5392
41 6043
45 1333
26 0439
22 0077
50 3672
39 1742
22 5252
169 2056
38 3882
55 6419
43 4654
55 5800
24 0243
30 0526
47 4689
68 4264
48 3999
40 4682
36 4476
46 4864
33 4839
35 6422
39 5891
17 6234
54 2322
41 1851
24 3709
19 3377
29 1481
50 2971
22 3966
38 2924
39 3507
33 4449
36 6316
36 5975
29 0034
138 3582
31 0445
27 0410
70 4104
65 4802
41 4501
26 3789
39 1246
40 3767
64 3359
63 0116
30 3173
37 0585
40 3952
74 3427
40 1514
24 5953
40 0737
16 2302
39 2859
26 4791
17 6411
18 2424
41 6626
105 1476
35 3929
47 0310
40 4064
40 2665
33 5031
30 3401
40 1288
25 3002
18 0845
50 3821
84 5303
34 2479
65 4887
39 2862
36 1393
77 3119
54 2237
33 2260
26 6501
24 6106
29 2368
55 5137
22 3563
19 3199
24 4334
30 1127
41 6648
83 2373
39 2726
42 6590
51 6128
161 3292
30 2208
39 2397
55 5119
55 5825
54 2568
49 6476
38 6022
40 0801
39 2535
41 6503
43 5231
24 5634
25 5661
40 1090
39 4234
39 4243
48 4639
24 0222
38 3236
37 6450
26 6008
40 2553
39 0901
24 5691
100 2083
45 2613
20 6193
80 6375
38 4293
40 1643
80 1030
180 5304
69 3985
40 5756
27 0950
52 4825
36 0393
41 0175
40 3845
40 6357
39 0562
40 0519
39 4970
35 4925
25 3746
87 5359
60 5326
27 6328
39 1310
40 6248
214 3470
69 0544
25 1415
37 5861
16 2021
40 0128
56 4122
128 4453
68 0599
83 4527
39 6750
39 6705
21 3343
23 4007
50 1807
40 4595
40 5406
47 2845
39 5413
54 1793
25 3701
38 3802
209 6262
40 1830
51 1448
23 3728
49 2950
40 0359
80 2905
169 0836
24 1568
35 0015
24 4170
78 0026
39 6667
53 0710
28 5081
26 5076
67 3105
40 3150
52 5925
31 1775
170 0490
39 4882
183 2796
204 3448
55 1243
52 1542
98 6601
70 2890
42 2376
36 4770
11 3528
41 5010
21 2447
24 5642
41 0004
70 3908
50 0881
19 2314
23 3473
40 5456
40 0199
23 6749
43 1947
70 3288
72 5573
24 5508
20 4328
47 0804
40 5403
27 2630
49 2537
39 1374
57 1040
40 4375
70 2241
28 0641
87 1921
49 5588
25 5555
36 6154
16 5777
27 1142
26 4159
40 3208
40 0143
11 4313
17 2217
24 5628
30 2182
24 6559
219 0763
15 4208
60 4906
16 0071
37 3670
41 3625
45 5390
38 5748
27 3884
23 6041
44 1335
39 6014
39 1744
88 5250
21 3859
26 5205
19 0529
36 4939
40 0355
40 4656
57 4470
25 0241
24 6424
20 6236
54 6281
55 4128
26 2015
43 1853
27 1882
21 3375
96 3302
39 5828
40 5893
25 4813
40 5237
24 6314
147 0036
157 5367
54 3964
44 2926
27 0447
52 4106
85 2789
50 4503
20 5973
43 5988
39 3761
40 4842
29 0114
35 0587
39 4993
18 1879
46 5540
36 3950
121 2919
37 3425
39 1516
39 3022
32 5908
33 3059
66 3575
40 4017
20 2426
39 6624
41 1474
26 2802
53 5842
100 4793
38 2999
52 0312
39 4062
39 5037
25 3004
39 1256
39 0982
35 6726
70 3827
19 3403
39 1391
22 4950
39 2779
24 6104
28 6173
40 4673
26 5474
39 0773
154 3296
17 5142
36 1121
23 3561
40 5059
39 3131
39 2724
41 6529
41 6592
39 2395
54 2340
48 0609
40 2533
40 4589
40 5233
22 5636
87 5299
40 1092
30 6474
40 1274
27 0606
56 1663
21 3234
39 5594
34 4241
29 2332
22 5434
39 2081
40 2611
114 6452
19 6195
39 1229
74 5219
21 1698
56 1645
36 2114
46 0074
40 6543
27 1067
39 3987
198 4031
24 5701
40 5754
39 0922
167 6377
32 0395
40 1758
40 3847
51 0956
25 4177
68 2149
25 4691
9 3744
18 2294
40 1567
33 6355
67 6380
36 0560
64 1316
77 1058
19 3606
80 5324
17 0741
25 6060
15 1198
38 5863
39 4751
38 0546
69 1849
27 1417
39 6707
54 4642
66 4001
41 4404
120 4451
41 0260
39 2740
39 3493
39 3069
125 1032
44 1791
27 3804
132 6260
37 4149
21 3791
39 1118
16 1867
40 5404
77 1985
50 3325
18 2952
77 2903
73 0838
24 6738
40 4132
51 4172
39 1298
56 2380
139 2058
122 4534
55 0712
54 4754
25 4789
40 5577
22 5074
39 3107
39 5029
63 0810
39 6665
27 0787
40 3931
18 3226
33 2675
83 1540
26 5927
40 0738
37 4776
52 5537
40 2445
21 6603
49 2892
39 0883
32 4079
54 5012
21 3475
45 0665
55 1918
40 5571
30 6138
32 3257
39 1376
40 4373
58 4867
33 2212
52 3075
25 2632
27 6560
15 6156
37 2243
42 1998
257 3275
34 5165
31 5557
33 2413
40 2132
40 1140
24 6038
42 3540
30 5229
24 2501
40 4676
26 2180
41 3627
40 4670
27 0238
53 3816
130 1337
39 6016
24 0073
43 2547
39 1746
39 5207
39 3886
48 5600
37 0627
145 4852
39 4260
40 4658
55 2205
41 1217
81 4472
40 1684
39 3618
39 4126
174 4860
93 4523
39 4558
44 1450
20 6426
40 3758
24 4733
49 6464
23 6283
54 6312
45 1181
41 2177
27 1880
40 3698
63 1011
57 1044
45 2920
40 4100
63 4505
16 5971
40 4042
24 0112
28 5790
42 0581
28 4894
42 4991
39 3763
28 2692
58 4418
45 0190
43 2784
39 5245
64 3423
24 3020
27 1472
39 2800
112 5840
39 2855
85 4795
25 5976
18 3598
15 2420
27 6724
19 0314
39 4060
33 4498
38 4035
40 3458
47 1917
24 3006
39 3825
23 3347
40 1811
16 0812
40 3518
55 1397
22 2233
77 5006
31 2591
19 5140
37 5538
50 4898
27 6171
41 1123
46 0771
21 4737
38 4150
22 3536
57 3133
40 4105
40 3912
49 2342
21 2179
79 5103
40 2531
85 2564
20 4913
52 1094
65 4634
24 6472
25 6489
31 1276
20 2259
39 1661
25 3232
71 5596
40 4247
43 6409
20 2617
28 4307
75 4038
24 2116
45 2499
40 4849
23 6197
39 5752
267 6371
53 1647
156 1349
118 5300
39 5497
191 3841
70 0954
24 4192
55 0397
11 6059
15 3396
25 2292
66 6382
43 0566
27 1993
22 4974
39 4229
21 4921
50 4624
25 3651
34 3604
40 0259
39 2069
24 6062
296 1314
62 0834
40 6244
53 6299
42 5271
38 0548
53 1847
25 1411
27 3373
23 3349
25 5865
37 5887
22 0362
39 0863
49 4406
41 0262
24 1700
40 0044
116 6701
16 6219
39 3806
41 6266
39 0981
33 0428
38 2742
39 2077
22 4816
20 3491
39 3793
87 1861
85 3327
65 0753
75 0019
39 2954
61 2901
122 4029
57 0284
49 4174
65 1564
52 4756
39 6663
39 3933
78 0308
43 2677
29 5072
39 1539
39 1546
60 4796
40 2443
56 2894
27 2876
24 4774
39 0885
29 6136
42 3477
35 0667
27 3251
48 5109
40 5191
138 1370
48 4371
39 4758
52 4324
93 3267
24 1139
26 2634
70 3579
13 6150
28 2245
21 2210
39 0690
39 5189
40 5167
36 5559
61 4067
36 2284
38 6562
92 4495
22 5773
101 2385
25 6036
24 3542
40 5227
46 2386
174 4204
51 4902
39 4259
40 4603
40 4851
86 1991
36 0236
40 6010
35 2510
40 2545
40 3621
37 5201
25 3888
42 5602
16 0525
68 2157
40 1215
70 4935
116 1686
130 4262
41 3993
25 5719
24 0948
60 4521
29 6428
102 5349
133 5083
22 6285
36 4124
24 4968
39 3703
40 3306
62 5363
21 3968
51 2922
40 4099
24 6310
51 6345
116 5984
25 3092
40 1013
25 4102
39 4808
44 4507
113 4997
21 5131
53 0110
52 0583
39 0534
39 4019
29 2690
40 3364
14 3421
37 3026
40 5190
74 4646
35 1492
26 5846
34 2857
35 4797
15 6227
17 2422
55 1828
39 2944
15 3368
24 6722
24 2995
44 0316
39 2948
91 4037
42 4430
21 4880
23 3008
50 0027
40 1813
40 0708
27 2868
34 2261
25 3516
39 1395
39 3113
87 3168
30 2593
81 4896
48 6177
39 3088
48 5933
25 0219
52 2362
27 4735
48 1461
40 4705
12 3530
52 3135
20 3379
39 6617
157 3910
50 2344
86 4073
40 2728
213 2399
21 6470
39 2648
82 6487
11 6082
42 5485
72 2566
41 0602
38 1096
72 5590
99 4245
39 0900
48 1270
39 6119
41 1667
39 3230
20 1937
54 4350
40 2559
37 4305
19 2369
55 1634
85 2615
21 6547
17 6199
19 2271
87 6373
47 3293
98 1649
24 2110
51 4648
112 1063
57 5705
27 5750
11 1161
37 4190
26 4568
56 0399
40 0173
40 5248
59 3843
57 6384
38 0564
82 0513
84 4976
66 4626
18 3602
55 5328
30 6359
22 6064
48 1435
41 2750
12 3653
57 4121
54 6246
85 1772
24 2799
39 1845
37 1413
75 1194
40 5867
66 5488
37 5885
68 5105
47 3783
40 0264
39 0046
19 3386
28 4292
57 1009
41 3974
19 0861
21 0451
38 4841
24 2041
36 3497
39 1488
68 3321
40 4690
39 6264
27 3795
40 1863
33 1439
17 3777
40 5255
39 2956
39 1294
21 4986
55 0477
41 1774
21 6661
39 6634
30 0291
35 2671
25 5070
42 5025
39 2065
39 3935
39 1249
39 1544
40 1591
41 0005
53 2896
28 2821
22 2329
39 2874
24 2315
33 2441
39 2125
39 0887
40 0734
32 0320
33 6134
54 6169
56 3479
40 0661
40 1941
32 1914
42 5575
37 0091
24 1137
83 0769
39 2636
72 1372
32 4326
45 2247
197 0692
40 0142
40 5161
54 6564
205 2714
50 6586
35 6152
49 2387
47 3279
23 5662
37 3544
42 4319
56 5225
24 5622
24 5659
52 1115
39 6034
26 1927
21 3345
24 4202
38 2406
40 4601
45 4399
108 2512
40 2543
57 3623
24 0234
26 5604
69 0356
54 6012
40 1213
27 5203
33 1680
39 6183
70 3991
15 6369
29 2047
23 6287
42 5230
39 0913
38 4831
40 0383
37 2173
23 1884
44 3754
40 1489
42 5899
39 0169
40 6347
24 0558
95 0762
22 3694
98 1015
158 3649
139 5361
44 5334
26 5731
20 0418
120 4509
25 5982
128 1326
37 5819
20 4727
51 0536
31 4995
28 4940
28 1409
177 3574
113 0826
87 2696
109 0827
24 3024
19 3489
48 3053
87 2384
16 6225
39 3874
40 2006
54 1525
27 0457
40 1427
69 5844
61 2851
53 5833
115 0840
39 2038
39 4432
40 0736
60 0025
35 6720
24 2997
26 3829
18 3409
70 1838
30 1815
48 0706
75 0828
27 2166
39 3111
38 2483
30 5475
54 2595
32 2184
54 3281
39 2960
24 3514
41 6175
67 1505
62 5931
40 0720
40 5144
39 2777
97 6640
66 6615
39 2360
41 3916
23 3532
155 3585
24 3137
37 2007
41 6598
40 3463
63 2346
21 3249
11 6080
40 2560
22 2460
107 5293
54 5669
52 1098
23 2333
63 6485
58 6518
42 1272
25 0600
40 0655
59 1665
54 1612
31 1935
52 5592
24 5525
97 4352
40 4303
24 1158
119 6458
35 5340
28 3180
21 4030
26 2273
132 3898
24 2112
40 2495
37 6545
25 6532
27 5707
40 1163
37 4178
70 1713
114 1345
25 0089
40 1292
28 1752
33 1729
22 4196
39 2138
40 4620
39 0740
165 6386
39 0511
39 2134
23 3655
18 3600
25 0293
37 5275
20 3269
145 2797
24 6432
22 6066
71 1318
41 3318
43 5883
25 6240
40 1843
55 5457
44 3976
39 0867
39 0266
92 4812
40 3495
42 5136
113 0040
54 0985
42 4843
66 0967
53 3797
38 3720
21 3398
20 3775
41 3323
42 4133
30 6331
35 4824
40 4696
40 1021
92 0479
70 1560
26 3018
39 5912
23 4752
22 4783
44 1973
40 0131
39 5027
39 3158
21 1908
47 2438
41 6636
39 3937
41 0809
34 2673
101 3440
40 3098
39 1593
40 2872
23 4778
31 4078
41 0174
56 3817
101 6609
36 1103
20 2823
39 0889
71 0322
24 0364
40 5018
40 0663
23 6741
58 5158
26 5500
27 2013
13 6132
39 1251
11 1135
24 3076
19 1916
128 5098
37 4320
110 0694
48 0518
127 2144
216 0489
58 6566
20 2712
40 6584
43 4926
17 0649
15 0754
20 1929
24 5163
54 4984
24 6032
61 1362
26 3546
23 0448
71 5223
52 5620
70 4200
19 4255
40 4607
23 5398
24 0232
68 6413
25 6049
41 0183
22 0079
39 2541
55 1719
54 5606
46 6181
40 1211
87 0249
15 6367
38 1451
40 1682
64 1983
212 5318
85 3997
39 0911
40 5425
24 0944
38 4833
54 4552
40 0381
41 0167
40 6341
30 4043
27 0556
27 2171
27 2124
37 3756
43 3696
40 1017
42 5797
16 0083
40 5336
175 0726
20 0859
53 4893
29 5980
16 1324
235 0530
54 4942
39 1407
40 3769
46 0191
24 4015
21 2694
39 0879
69 4412
78 4469
25 3661
18 6223
27 3876
96 2004
42 3051
40 1421
96 2853
39 5831
134 2400
162 0723
72 4434
24 4765
84 0023
25 2991
19 0842
39 4084
15 0811
165 5005
40 1817
40 0704
39 3949
39 2962
24 3512
51 3117
82 1503
120 5937
52 2597
25 4151
41 6689
39 2771
18 0975
129 2787
39 6642
77 6613
74 2366
54 2839
175 0722
20 0795
26 3569
40 5051
261 5004
245 3139
26 2459
24 3914
39 3203
39 0893
32 4910
41 3461
59 0679
50 3915
37 2190
41 2348
50 3280
13 3247
84 5549
39 5491
44 2562
40 2462
39 2644
50 6483
22 6086
39 1388
45 2253
41 0657
68 5291
57 1610
22 1933
24 5527
25 2619
21 4594
60 3182
39 4354
41 4301
84 2275
38 3896
39 2497
40 4619
39 2746
31 6530
24 1165
40 5407
73 2508
25 4194
84 5484
107 1347
39 1750
58 6388
40 0517
67 4699
22 4276
50 4622
25 3657
16 6430
23 6068
73 6242
27 6293
51 1776
39 2067
55 1701
40 1841
39 1190
54 5881
34 1230
57 3970
39 0865
171 4459
39 0268
25 6308
35 0042
41 5379
42 6268
40 0206
173 0987
44 0930
39 2748
38 0965
138 4810
25 2090
25 3722
39 3773
51 2804
50 0108
31 0285
40 6333
40 0202
54 0579
34 4985
45 6482
40 1023
37 2248
203 1562
25 3016
40 5914
271 1005
23 4781
40 0133
37 1072
21 1247
43 4024
32 2436
26 6630
38 1468
51 5876
43 0302
40 0379
51 5021
39 1548
54 1595
40 1788
52 3815
39 3442
25 1453
15 2825
27 2870
20 4045
51 4978
41 1961
21 3369
35 0298
39 3266
18 6165
121 3286
37 5506
30 4322
40 1133
116 0345
19 0100
84 4494
39 6582
235 0696
49 2710
81 4466
12 1148
39 2887
15 0756
40 4710
24 6030
25 3548
57 5221
24 5626
86 1082
79 4257
39 4605
53 4587
40 1268
39 0230
20 0524
39 1659
64 3228
40 5568
50 4395
55 2516
83 4348
40 4680
27 5608
39 6415
25 2627
21 5809
40 6187
69 0153
17 6365
40 3213
52 2108
69 4268
39 5082
73 5316
92 3995
24 5713
24 5768
27 4188
266 4550
39 0387
41 0165
54 5688
37 0946
25 0554
39 0509
51 4962
41 2126
55 3750
44 0640
21 2414
40 5330
24 5735
22 4850
40 6343
17 1322
36 3690
47 4108
24 4944
39 1405
65 5815
27 1890
40 1428
35 4647
38 0589
117 0532
117 4999
39 3663
45 4013
58 4410
54 2002
64 3485
35 3057
39 5837
39 2514
18 6221
27 3870
39 6274
39 2704
45 1899
18 5430
36 5848
44 1494
25 2993
40 2942
52 0349
34 2939
22 4086
50 4436
61 5968
50 0021
45 5258
45 0405
73 4871
31 1819
40 0702
26 4748
23 2964
24 3510
85 3115
39 3162
46 2375
35 2599
40 0735
38 2773
51 1189
53 1501
38 1554
42 5935
26 5942
175 0779
54 2313
26 0797
120 5002
41 6644
59 6611
39 0891
89 1054
138 4481
40 5053
40 3467
56 0677
108 3245
103 5547
36 2464
27 2811
39 2646
55 6481
24 6084
39 0903
16 2251
40 0651
49 5297
25 5521
69 6514
89 2402
39 0775
46 1635
56 5195
31 1931
27 5177
39 4848
101 3184
25 4356
39 3894
35 3294
57 6549
102 6536
71 2277
134 1368
40 2491
42 4072
23 1167
24 6051
89 1341
39 1756
40 3849
25 5674
36 0515
40 4221
22 4929
40 4274
26 4120
40 1209
49 0251
66 4525
78 6436
40 2520
25 6291
76 1778
39 2061
35 4519
73 3576
23 3387
39 5453
39 4295
40 3314
38 1232
40 1946
35 2169
78 1003
43 1078
110 3972
41 4143
39 4599
45 0963
41 2092
40 3656
40 6335
19 4987
15 1869
40 3771
26 5479
35 1025
48 2909
40 3014
39 5916
43 3049
40 4069
70 1508
39 0135
107 2794
43 2744
52 6632
37 5874
40 4787
57 5023
43 2434
40 1805
51 6763
29 6718
47 2989
39 0300
57 3813
18 3444
40 4669
86 1597
31 1107
47 2827
23 6200
40 1803
48 6745
21 0326
40 6167
41 0000
97 3284
54 5154
36 5504
24 5733
40 2769
39 6685
40 1131
17 6658
39 5629
63 2358
48 1777
28 3571
42 1378
54 5049
39 3145
25 2218
40 0698
41 3926
39 0485
24 6580
32 6158
39 1252
38 2885
123 0758
26 2336
40 0006
39 6098
39 3276
40 5850
24 5624
34 3342
12 5653
40 1080
40 1266
24 6088
35 0618
40 5463
19 1657
42 0357
39 1978
16 4251
57 0090
23 6417
58 2625
17 6018
52 4397
31 0151
39 5209
39 3215
39 2106
18 6577
33 6185
64 1730
24 6309
66 6398
57 4360
129 5314
24 0940
51 4556
40 0385
52 2120
39 3752
324 0765
16 1905
63 0163
20 6318
12 0552
24 4960
39 3692
31 3643
40 3638
30 5332
36 5385
44 2017
24 6072
19 1320
126 3577
39 0118
104 0824
68 6258
40 5263
39 5038
36 4946
69 1403
32 5449
34 5817
24 3665
29 4011
146 0875
39 4416
40 0272
25 0456
40 3055
31 0058
21 6000
39 2749
26 3872
40 6276
45 0469
41 2000
21 2044
36 1820
83 1478
25 3738
59 3360
55 3335
26 5835
40 4574
75 4080
78 4438
39 3796
113 1968
40 2940
45 5780
38 4160
40 2480
46 4873
11 1578
34 0700
25 4746
39 3160
39 3945
77 2966
25 2689
123 3438
25 3080
38 1556
18 5940
40 4760
114 1617
55 1425
56 6646
83 2311
40 1254
42 0897
45 4483
138 4859
40 5055
22 5000
39 0675
78 3918
27 5518
40 3465
25 3412
36 2813
21 3243
131 5545
19 5432
19 2466
78 5295
39 2640
54 6516
26 6111
40 6144
40 2257
40 0653
85 5197
22 5120
34 5598
35 5341
27 5523
39 3552
79 3186
117 2279
27 4179
55 3892
25 5618
78 1712
40 4640
40 4615
34 2731
39 6534
161 1561
21 5758
36 1169
26 6469
21 6053
76 1343
129 1754
43 0747
48 1723
27 5698
70 5676
41 4272
39 4753
51 0253
21 2658
40 4223
30 2522
21 3238
115 2791
50 4517
28 6434
40 6443
43 1234
25 1065
86 4033
70 3316
113 1001
54 2094
25 2289
28 4145
22 0961
29 2049
25 4981
25 3726
98 3329
27 6631
51 6337
41 1604
59 1027
27 5471
17 1909
37 3012
36 5872
39 4785
39 0137
19 6239
57 2432
26 6761
47 2987
50 0306
24 2296
45 2679
27 0856
18 4444
63 3446
41 1599
132 0039
33 1784
16 6202
134 3811
88 0996
26 2449
40 1801
36 1105
19 3383
32 0328
42 3129
40 5696
53 3077
41 0002
27 6747
40 2767
49 4131
20 6161
63 1519
179 0761
39 0288
45 5156
46 5096
41 3147
81 2130
39 6687
41 3924
39 1250
37 2883
40 0208
29 2330
64 5169
147 1363
99 0487
39 6670
40 1086
65 5061
164 1727
24 5651
57 2300
41 0182
50 1264
39 0918
29 4865
83 1655
24 2623
31 1185
52 4391
44 0625
63 1452
22 6575
22 3706
22 3376
40 6361
80 6396
57 1688
40 3217
26 1950
43 2104
84 4362
189 5312
38 5717
27 1173
37 0942
24 4044
12 4184
32 4554
127 1359
78 5796
27 0084
40 0161
72 1768
73 4892
40 0550
39 0505
39 4966
38 4239
27 2122
40 4636
45 3641
35 5369
40 5387
39 5739
23 6070
42 0062
128 6256
55 5261
31 2079
24 4948
27 1401
23 5447
34 5811
46 0877
80 4414
34 6392
54 4463
39 0270
90 0056
26 4731
35 3988
41 6270
50 0467
41 0928
70 4853
33 4828
34 3481
56 0426
39 3362
39 3333
53 1822
34 6728
39 2946
85 5782
39 4039
144 4082
25 4166
55 4875
25 1576
90 3587
43 4402
48 0998
24 3710
21 4744
19 1739
531 2968
40 4107
18 3166
63 4803
39 1550
26 5939
22 5946
39 3947
25 3082
18 2833
20 2317
46 2848
24 4762
39 4485
40 5057
39 0048
25 2191
101 3287
39 0895
101 4053
18 3410
44 0673
39 0688
36 2815
39 3241
103 5543
43 3830
22 0366
33 2468
13 0757
31 2642
52 1437
39 3108
13 6142
40 2255
42 2222
48 5122
24 5173
43 2030
27 6510
41 2708
37 6113
23 1150
39 0171
144 2379
24 3550
46 3188
21 3224
27 3890
25 5616
40 0360
41 4617
41 2733
40 4663
27 2502
44 2579
24 5670
24 6055
29 5192
39 5242
21 6215
39 4225
69 4270
41 4628
34 2524
53 3608
51 0255
60 4548
39 6441
42 0420
24 5467
25 6295
42 4515
20 3310
49 1236
17 0755
23 3688
18 1865
40 0936
39 2096
42 6339
61 4287
34 2404
42 4934
129 1029
82 5370
32 4428
24 3010
38 3045
106 1301
39 0139
24 5746
40 3868
23 2430
39 5428
25 5870
17 1702
39 2985
85 0304
37 4070
20 0854
24 2228
51 4446
57 1786
18 6204
105 0994
40 2753
26 3782
56 1459
22 3381
48 5193
40 3261
37 3127
43 2587
39 4581
80 2914
50 2765
22 4764
33 5907
21 2354
29 2309
40 4065
39 0103
40 5150
40 3141
15 6681
39 5452
53 3922
36 5090
31 3597
43 1524
60 0471
39 0481
40 3853
41 6690
39 6672
52 2881
42 2389
39 4716
22 6094
40 5063
21 0523
98 5285
24 5657
101 1084
40 4681
52 1262
24 6109
77 1653
145 3299
40 4604
41 4393
24 4342
136 2549
38 4339
37 2621
37 3502
40 6573
40 6189
41 1219
26 0155
41 0180
140 6394
40 3219
84 1952
39 2102
56 4364
90 5310
28 5715
49 5762
39 1171
86 0389
16 4916
167 1357
40 4585
74 1766
27 4137
60 3265
24 5639
23 4186
39 0507
24 4964
40 4661
32 2197
40 5381
31 6349
23 6076
62 0060
190 3647
22 3366
40 5267
87 4644
54 6406
22 5445
63 5813
95 6254
34 0276
41 0538
16 4211
53 2515
25 3669
40 4591
40 0871
69 4461
51 2707
28 0438
40 4583
25 2051
40 3483
39 0512
84 0054
50 2306
39 6272
40 0465
22 1824
103 1429
48 1718
27 5839
80 1535
40 1187
123 5784
39 2933
20 0370
64 6323
38 5966
25 4164
41 4113
95 4877
40 1574
37 3712
40 4742
40 0123
30 3164
56 0592
23 0848
39 3941
40 0338
56 3434
101 3084
53 1552
37 3066
45 5944
83 5991
21 2831
22 4739
79 1055
75 3809
39 2778
79 4895
46 2451
47 1443
41 4830
112 4051
71 4487
40 3469
16 3416
38 0671
39 0686
25 0620
55 5541
36 5514
39 0902
93 3832
36 2817
40 1380
40 3090
31 2220
38 1636
85 6512
36 6115
40 6140
42 3295
24 0216
58 5124
41 5171
25 3556
59 4309
24 4725
24 1152
24 5614
38 5649
39 2735
51 6538
27 4075
40 4611
17 2024
57 6465
24 6057
42 4389
18 2500
39 5244
42 1901
75 4524
26 4227
72 2155
40 0257
40 4593
42 5186
27 6447
38 4294
23 3255
66 2526
46 2304
38 4513
39 6438
23 2600
65 3312
53 5889
39 1238
83 6300
35 4958
54 3686
40 3198
42 5371
40 3978
23 3535
40 5745
25 4818
52 2098
121 1338
59 2285
41 1749
40 3852
27 0571
35 4285
40 2158
27 4936
188 1509
29 4426
19 3222
36 3047
66 1303
40 3866
44 2018
40 1804
22 1858
23 1460
20 3378
37 5827
25 4963
23 3384
22 0852
42 4440
61 4918
40 5442
46 6765
27 6712
39 2983
19 2978
34 0803
63 0992
39 2751
40 3078
22 5415
26 2878
35 1780
21 6206
61 3178
26 3780
29 1109
20 1872
39 5507
40 2916
28 4141
57 3125
66 5465
45 1605
35 5905
26 2585
40 5152
30 2214
50 2763
46 6683
69 6652
160 2795
53 6629
40 4723
40 2490
63 2352
45 4798
37 5092
27 5043
45 3595
39 3143
69 1117
35 3920
55 3277
39 0483
40 2718
40 3457
40 1526
79 1281
39 6674
47 5451
45 4718
42 5065
28 2472
154 5287
37 5655
55 0350
40 1903
25 6096
39 1260
35 0097
38 2269
43 1651
51 1972
37 5138
40 5560
27 5535
37 3192
28 4340
38 1733
47 4109
27 0629
27 2207
39 1954
38 2100
67 5348
40 6571
36 6524
39 6121
59 5760
29 1177
96 4998
168 1631
31 1989
23 6029
141 1355
109 0099
40 4366
40 1764
40 5238
24 5680
37 4180
38 0786
41 4632
93 1536
24 0229
37 4820
39 0501
39 3220
36 4911
27 5450
39 0066
33 3645
41 3632
41 5338
48 5383
39 2075
39 5039
50 6404
24 6074
29 6003
40 6252
40 5265
37 5212
115 4213
40 5443
40 4845
95 0873
47 4467
40 0274
22 2045
58 0052
67 4575
18 6229
40 0463
120 4857
39 2053
37 4567
22 1826
11 3732
17 5438
40 3749
130 1969
20 3397
62 6321
40 0029
27 5352
45 5786
38 2931
56 4111
48 4879
43 1572
25 1589
23 5960
40 3714
23 4740
40 0121
25 4014
38 0590
40 6589
70 3943
55 0336
59 0819
55 4409
49 3436
12 3086
39 3031
37 3064
22 5993
24 1255
92 4858
45 2453
26 6619
25 1441
39 2837
54 5851
39 0899
41 4057
144 4489
39 3589
36 0684
70 2150
34 6735
18 5433
17 3834
17 3414
40 2481
24 2819
36 5516
25 3509
50 1382
118 6699
113 5342
