1 18 1.40331523753 
18 83 1.35072329033 
83 24 1.35434686674 
24 147 1.28947810309 
147 150 0.704807240849 
147 69 1.25259827651 
69 59 1.33360551 
69 82 1.35096931259 
82 80 1.34458217419 
80 179 1.30106232682 
179 180 0.704807240849 
179 171 0.970179687066 
179 173 1.06565115909 
179 172 1.29641521916 
59 30 1.35266468347 
30 3 1.35317247995 
3 5 0.701075372714 
3 11 0.871520185059 
3 4 0.890331112446 
3 15 0.906240103065 
3 99 0.998999084779 
3 12 1.07919735285 
3 9 1.09783739937 
3 6 1.10976052249 
3 7 1.16952898436 
3 27 1.1809526758 
3 17 1.20277661303 
3 14 1.21152264989 
3 13 1.27349846764 
99 28 1.29252593207 
5 21 1.30492488742 
3 8 1.31794728741 
11 34 1.33357302828 
82 60 1.35357777576 
60 52 1.23758926789 
60 36 1.26327335105 
36 40 1.28220816146 
40 41 0.704807240849 
40 42 0.704807240849 
40 44 0.704807240849 
40 45 1.18536616314 
40 43 1.25672934497 
43 215 1.14682759217 
215 216 0.704807240849 
40 37 1.25809057602 
40 46 1.26382423522 
40 38 1.28658171473 
38 93 1.14769983071 
93 94 0.704807240849 
93 96 0.704807240849 
93 97 0.704807240849 
93 98 0.704807240849 
93 95 0.945999663984 
93 92 1.12125719506 
93 67 1.20968540515 
93 55 1.25595845505 
67 65 1.27558949667 
65 66 1.11305553131 
37 210 1.2921753466 
210 193 1.08277171386 
210 209 1.08731270822 
210 138 1.20354937722 
138 137 1.20606194797 
137 139 0.704807240849 
137 134 1.27046924343 
137 103 1.28028299123 
193 192 1.30242154552 
192 189 1.10600391768 
192 176 1.30242154552 
176 174 1.28215751004 
174 177 0.704807240849 
174 178 0.704807240849 
174 126 0.945549380899 
174 175 1.23932972467 
45 145 1.30934709801 
52 197 1.31717967654 
197 201 0.704807240849 
197 198 1.19584627775 
197 200 1.20480724085 
198 202 1.27605932349 
134 140 1.3245390958 
140 141 0.704807240849 
140 142 0.704807240849 
140 143 1.22351054504 
140 144 1.3281068187 
40 47 1.32841680531 
47 104 1.06484839076 
104 105 0.704807240849 
46 225 1.32841680531 
36 32 1.33304908845 
134 136 1.33355963991 
175 191 1.34101625113 
191 190 1.2798504425 
190 188 1.3185584082 
60 58 1.34631487126 
58 160 1.06244808967 
160 149 0.901645721472 
197 199 1.35122363081 
60 54 1.35172209437 
54 223 1.24117071364 
223 217 1.14294498017 
223 224 1.26167575731 
217 222 1.28421598713 
222 221 1.04587399474 
222 218 1.14036560078 
222 220 1.22231623265 
220 219 1.3022590052 
219 196 1.29913103057 
222 79 1.34763877209 
196 214 1.34915546167 
196 53 1.35197507807 
53 56 1.34454510628 
56 49 1.13781994274 
49 61 1.26382423522 
61 62 0.704807240849 
61 63 1.15202083635 
63 84 1.25252979835 
84 85 0.704807240849 
53 118 1.35223107608 
118 119 0.704807240849 
118 120 0.704807240849 
118 117 0.993482375444 
118 122 1.26382423522 
122 148 1.20328051973 
148 121 1.25141540746 
118 113 1.30846229554 
113 123 1.32746294334 
123 115 1.14012689941 
115 116 1.2620296335 
93 74 1.35267319441 
60 57 1.35303038049 
60 19 1.35325469731 
19 51 1.32497107338 
160 158 1.35325745142 
158 159 1.12757309658 
60 50 1.35396240884 
50 130 1.24338486914 
50 22 1.30458717849 
93 39 1.3544007979 
39 81 1.26350969235 
81 107 1.34912677354 
117 146 1.35588536854 
146 133 1.32048483368 
22 132 1.35754961519 
132 131 1.23449041344 
66 64 1.35950080127 
148 135 1.3636948842 
225 10 1.36418191673 
24 25 1.36571139457 
130 168 1.37026076568 
24 29 1.37099958189 
29 162 1.33533502232 
162 26 1.29100501826 
26 164 1.19073107263 
164 165 0.704807240849 
4 23 1.37152493643 
61 31 1.37162176627 
8 16 1.37174103167 
16 20 1.36989330676 
34 76 1.37214713003 
76 78 1.33898946793 
53 154 1.37523509977 
154 155 0.704807240849 
154 156 0.704807240849 
5 106 1.37600539203 
106 111 1.34394801311 
111 112 0.704807240849 
106 109 1.37706092724 
109 114 1.33148316201 
24 151 1.37893625294 
126 129 1.37939768335 
129 128 1.35677702503 
128 127 1.28215751004 
83 157 1.38031090522 
64 73 1.38058504504 
20 101 1.38113774069 
14 185 1.38283724566 
185 186 0.704807240849 
185 187 0.704807240849 
6 108 1.38631669059 
29 90 1.38734162823 
90 89 1.37356443214 
89 91 0.704807240849 
78 77 1.38879440362 
77 205 1.36977959784 
205 206 1.33640928368 
82 124 1.39310377885 
39 72 1.39446574988 
72 71 1.2785870833 
10 48 1.39639852839 
209 208 1.39845995238 
208 211 1.34233755891 
211 212 0.704807240849 
211 213 0.704807240849 
47 100 1.39869590734 
28 86 1.39931448139 
86 88 1.37147390752 
18 33 1.40071488404 
33 35 1.07045684594 
189 195 1.4021382573 
5 2 1.40256522398 
99 203 1.40547459863 
203 204 0.974499759205 
12 167 1.40841996406 
99 184 1.40958275569 
5 110 1.40963722437 
4 87 1.41030087544 
34 102 1.41042403763 
12 75 1.41058593679 
8 163 1.41085881273 
17 169 1.41097308077 
169 170 0.704807240849 
28 182 1.41125295214 
99 207 1.41156484049 
5 152 1.41159443325 
152 153 1.20776293162 
28 183 1.41171576598 
3 181 1.41175755473 
99 194 1.41181551198 
3 166 1.4118815122 
