1 174 1.1925777186 
174 223 1.10781425531 
223 260 1.01806340501 
260 45 0.994700385919 
45 107 0.9918734849 
107 27 0.898208662869 
27 137 0.879353158015 
137 149 0.643717925656 
137 135 0.892352114352 
107 76 0.906747902266 
137 139 0.919931905286 
137 23 0.92343167276 
149 148 0.927194053387 
149 120 0.951100296231 
137 150 0.962584229238 
120 81 0.963779746613 
81 44 0.914185263871 
44 57 0.689202437605 
44 298 0.689202437605 
44 218 0.803007542537 
44 296 0.853430797996 
44 166 0.891232946515 
81 226 0.935990204562 
81 207 0.96695614419 
81 111 0.982651517963 
27 230 0.990079784256 
27 277 0.993903871843 
107 181 0.999651880057 
23 16 1.00538837217 
277 273 1.00648713736 
273 285 1.0053789737 
44 80 1.00965913847 
81 238 1.01011685905 
120 248 1.01254897579 
44 129 1.01373069328 
81 214 1.01417394595 
23 26 1.01482004886 
45 84 1.01527413795 
27 289 1.01802404295 
27 65 1.02191107224 
45 51 1.02575371228 
27 249 1.02684056509 
135 2 1.02695865306 
149 21 1.02978933346 
107 101 1.03337250568 
84 177 1.03537473217 
45 42 1.03830719761 
107 110 1.04004273361 
107 158 1.04081745174 
84 83 1.04435599347 
44 295 1.0460346006 
44 70 1.04805045229 
149 13 1.04988389827 
44 144 1.05759663641 
107 241 1.05861858297 
16 14 1.06395876119 
44 227 1.06505889377 
149 236 1.06562941446 
76 77 1.06611032068 
44 73 1.06879900947 
44 20 1.07000666483 
45 43 1.07012272661 
76 231 1.07066794963 
137 156 1.07455509771 
76 114 1.07654958319 
44 128 1.07832666256 
44 82 1.08082603784 
249 205 1.08235993688 
205 206 0.722154006416 
277 274 1.08279945796 
81 266 1.08403507465 
23 24 1.08413585283 
273 113 1.08608039607 
277 281 1.0863608884 
81 64 1.0873628345 
81 134 1.08736855916 
81 229 1.08849032507 
248 242 1.09049956586 
2 3 1.09060268454 
230 233 1.09324567125 
260 119 1.09529867121 
84 87 1.09560998917 
248 179 1.10302582602 
26 25 1.10315101236 
135 147 1.10631704507 
81 232 1.10692603537 
76 271 1.10724360596 
139 152 1.10734602313 
84 203 1.10983958516 
135 10 1.11308707965 
27 39 1.11744561539 
23 18 1.11861711609 
231 228 1.11935857394 
45 282 1.12011802746 
81 178 1.12254349099 
277 201 1.12362710556 
277 291 1.12440305645 
218 219 1.12555122851 
81 209 1.12569540245 
205 67 1.12694481535 
84 90 1.12865759242 
84 91 1.12880520004 
84 95 1.12885160573 
13 8 1.12897787574 
177 182 1.13155922662 
241 237 1.13286943187 
43 48 1.13443522518 
274 283 1.13516080963 
177 180 1.13524923427 
81 264 1.13766933355 
113 175 1.13917349166 
175 167 1.11613178295 
167 4 1.11251315775 
167 71 1.12865812063 
91 99 1.13948592146 
139 116 1.14066976436 
296 235 1.14134782697 
120 118 1.14184372296 
81 93 1.14352881916 
137 30 1.14356388621 
81 294 1.14426956421 
81 126 1.14531663998 
45 52 1.14676005445 
81 72 1.14759741426 
44 49 1.14815591877 
81 198 1.15102264163 
129 252 1.15155506193 
119 190 1.15172614369 
158 163 1.15196066142 
26 33 1.15338866751 
273 280 1.15366310499 
150 138 1.15411693591 
181 183 1.15415926254 
280 272 1.15568923902 
273 284 1.15658127774 
76 79 1.15818356918 
223 258 1.15983606421 
81 140 1.16108232857 
27 222 1.16211881021 
139 85 1.16766034409 
280 184 1.16828973114 
184 108 1.06705009266 
108 106 1.11254337423 
108 216 1.13536353304 
81 86 1.16973293391 
81 299 1.1703216772 
81 32 1.17172519104 
180 188 1.17245424611 
167 290 1.17271032072 
137 153 1.1733666679 
135 234 1.17353854331 
260 5 1.17545074583 
120 121 1.1771470768 
83 173 1.1771558715 
108 36 1.17788725996 
36 37 1.12677641037 
274 208 1.1784912404 
208 34 1.03344929559 
34 286 1.10587579405 
208 196 1.12867417166 
167 185 1.17854322903 
81 293 1.1797348324 
273 105 1.17986054887 
44 257 1.18249540776 
207 261 1.18478783664 
76 122 1.18497076458 
226 225 1.18507452817 
108 255 1.18695523522 
129 254 1.18771075865 
167 109 1.18773819765 
108 58 1.18840231856 
81 204 1.1888221168 
205 215 1.19002089721 
273 154 1.19010102252 
252 133 1.19178424993 
133 55 1.09844936119 
55 75 0.689202437605 
55 192 0.689202437605 
55 244 0.849554202961 
55 245 0.852205653245 
55 97 1.07105060041 
55 125 1.09711361134 
55 63 1.10925990883 
55 59 1.15622487099 
55 92 1.16188646887 
55 193 1.1920449159 
26 22 1.19235065266 
184 292 1.19397720568 
177 253 1.19422554947 
107 197 1.19539768208 
281 103 1.19562518224 
27 69 1.19646794769 
133 239 1.19671864516 
184 28 1.19734189448 
77 17 1.19926843365 
277 287 1.20070050684 
55 186 1.20096875332 
167 191 1.20229839053 
135 12 1.20414473459 
264 262 1.20488701422 
158 159 1.20585590487 
226 98 1.20598667799 
296 194 1.20626469968 
184 161 1.20740482876 
81 89 1.20883709762 
39 176 1.20951218985 
81 155 1.21060583076 
108 300 1.210913329 
81 288 1.21300110427 
36 61 1.21430483598 
175 202 1.21562763872 
81 212 1.21781665287 
34 74 1.21787686004 
36 297 1.21840934527 
167 53 1.21863258929 
92 100 1.21888747725 
281 279 1.21940799209 
2 6 1.21958644645 
81 275 1.22004021804 
196 60 1.22096754933 
226 132 1.22203462503 
111 104 1.22234314 
81 96 1.22258448518 
81 11 1.22284533791 
81 62 1.22318716514 
114 115 1.22430866365 
137 9 1.22431959258 
167 170 1.22628859313 
274 56 1.22777049612 
281 270 1.22986706088 
81 210 1.23046445683 
51 46 1.23230300601 
120 124 1.23237861377 
249 268 1.2325344791 
26 29 1.23415210557 
274 247 1.23548526492 
25 35 1.23577403748 
55 187 1.23681256104 
226 131 1.2371175209 
4 195 1.23722840242 
281 40 1.23812846573 
55 130 1.23916452425 
156 157 1.23942852807 
277 278 1.23976282468 
116 164 1.24265053834 
184 38 1.24452150658 
4 162 1.24458890034 
38 41 1.24521744476 
55 265 1.24649248319 
108 146 1.24745102338 
41 302 1.24745847936 
8 7 1.25070257333 
55 112 1.25099774398 
36 169 1.25136349924 
30 172 1.25194090806 
120 78 1.25207480065 
41 211 1.252287963 
172 240 1.25320966199 
101 102 1.25435201756 
102 243 1.23632976351 
243 213 1.21921370956 
205 66 1.25490773036 
87 88 1.25518818408 
205 221 1.25597823699 
175 160 1.25799952743 
52 47 1.25964953883 
55 151 1.26114260895 
151 142 1.19350602773 
142 54 1.14761810873 
196 189 1.26166412054 
205 168 1.26278281825 
142 301 1.26541472962 
172 19 1.26736184413 
44 217 1.26893724237 
234 117 1.26970019497 
172 31 1.27256033998 
302 68 1.27391495006 
135 136 1.2750280628 
142 259 1.27755084302 
177 15 1.28346141723 
164 200 1.28495857409 
45 263 1.28587630849 
78 199 1.28775256184 
98 127 1.28814354149 
136 224 1.28891425157 
277 276 1.29629401727 
69 165 1.30077427734 
263 251 1.30182101649 
251 220 1.27721045421 
76 123 1.30217532997 
184 171 1.30296394544 
92 94 1.30744353693 
16 246 1.31214013218 
106 141 1.31633225896 
99 145 1.32502790961 
141 143 1.32706017118 
167 256 1.34777069053 
256 250 1.31963345686 
47 50 1.36309686769 
268 267 1.39434424549 
