5.021391394679479703e-01 7.915099961067180168e-01
5.746757901313418460e-01 5.948967517449837983e-01
6.104658468157699858e-01 6.260752438522382279e-01
4.693422355567180571e-01 9.628358872792586176e-01
3.528207337799914578e-01 7.300625943468379564e-01
6.141848749876053226e-01 6.139281201919233322e-01
7.002671799083241000e-01 3.740261689658866406e-01
6.571104490146681965e-01 3.656355609821340114e-01
4.418192858971835002e-01 4.450033327902874203e-01
5.271035848096650156e-01 5.809788028787237213e-01
4.688345149106826204e-01 3.727035175564478303e-02
5.367523377520143635e-01 5.618350156885622004e-01
5.945175016636286003e-01 3.513295767146707993e-01
1.418965727110243491e-01 3.087328738845783738e-01
6.631871432390015753e-02 5.422096980194567317e-01
1.808440504761269219e-01 3.384380673826119512e-01
2.051188470404249342e-01 3.104993350343792646e-01
2.129744162942148189e-01 3.733418093544889071e-01
4.744210709738699294e-01 6.362490131883137279e-01
2.345762140520506189e-01 1.076706707315324557e-01
5.547978641480649786e-01 3.271187555340709929e-01
9.383153212275052724e-02 3.302526803734384675e-01
2.518074378876246078e-01 3.806731540535194247e-01
2.146557166280086693e-01 3.606748117211307503e-01
7.036866868505119166e-02 3.280048280213701539e-01
1.364616333171445040e-01 3.459704312823372874e-01
3.840522652651452429e-01 4.033212959905929651e-01
4.575600380329701289e-01 5.976358846399969504e-01
1.006279752364801494e-01 3.221893678307725106e-01
4.352398479849063917e-01 5.262698590867620485e-01
4.584571661372039419e-01 6.430961332400743080e-01
4.788690235072096679e-01 5.930136542630475710e-02
9.296956308866503871e-02 3.414917418876928235e-01
5.891232032339289715e-01 2.265697499026637918e-01
2.778310572405119985e-02 3.159424741661394087e-01
2.287871363190613072e-01 6.312922745355811216e-01
1.877796791685551747e-01 6.525958369267411685e-01
5.128967809646582943e-01 5.226389742486086121e-01
3.684202507342523858e-01 3.417940394251400282e-01
6.252760172551222739e-01 4.018481588408698291e-01
5.897431940566330022e-01 4.760165264607825186e-01
2.714275793589056573e-01 6.385667864157472673e-01
2.437782911153233423e-01 6.576426547167423253e-01
2.707616432017659336e-01 1.059810476059293016e-01
2.685314048796081932e-01 6.054571673433234436e-01
2.559199081506077778e-01 7.037882498852850999e-01
1.626222317766397585e-01 6.150814646137506836e-01
2.306787399051229148e-01 6.979991259335409648e-01
2.662165225156838955e-01 7.784528935075325784e-02
1.283215605696356454e-01 6.218384126559131087e-01
2.592202356182083389e-01 6.643226146479354055e-01
2.105828958845238630e-01 6.120304473384685640e-01
5.242293468179124449e-01 9.331931325184275039e-01
2.927963701477556062e-04 9.095758988070224982e-01
9.065672646167297066e-02 7.466490936637611986e-01
5.737581439679841910e-01 3.112343375941372670e-01
2.332743099921085195e-01 5.779301202283977645e-02
2.918908585589015114e-01 6.232096062482022081e-01
7.188943476952423806e-02 7.801876268986034368e-01
6.998045062104628622e-01 2.385358610446679239e-01
1.868812833750071178e-01 6.368235013200763683e-01
4.828295434753034909e-01 2.893989543074829834e-02
5.863519877114184431e-02 7.746503214294757633e-01
5.017614574151552098e-01 5.428610493173697399e-02
3.941035893993157790e-01 3.650432478082000221e-01
3.080038581371438711e-01 5.475884594162541141e-01
2.721361614731311329e-01 5.449954404343300141e-01
6.839325513149940861e-01 4.107630293866445514e-01
3.506926685162711221e-01 3.573947812708911931e-01
2.480750382214864658e-01 6.958090361712999938e-02
5.135032877539819074e-01 9.486398719472409757e-01
4.537236868503981557e-01 1.111193981887472967e-02
2.508465997756783583e-01 8.513132224231892420e-02
5.905128328272670757e-01 1.961849441801147842e-01
7.158185289078208835e-02 8.013080687242800648e-01
2.740745820630406393e-01 3.717012507796086385e-01
2.329260493559847101e-01 3.354507247304472917e-01
5.629713808798756380e-01 2.366647014796633697e-01
2.701373327692435655e-01 3.406304730702642836e-01
2.266729535082494251e-01 9.555067478195249098e-02
4.590602912292392479e-01 6.155421018267459576e-02
2.695319442490071160e-01 5.865961898154008203e-02
2.272276631601721775e-01 5.035770475689194114e-01
1.919263962603530993e-01 5.331205670727489077e-01
5.256974268396038541e-01 4.628648660018552796e-01
4.406183650405478547e-01 1.156677828946078325e-02
1.866718541612478466e-01 4.901771563535436971e-01
1.706770729119624352e-01 4.620784314487001443e-01
4.324309096071867198e-01 3.937735313791588393e-02
2.137150547703232928e-01 5.229385812077590456e-01
1.468498801577643731e-01 4.992156547327868954e-01
4.222121050585369434e-02 7.896412838577810955e-01
4.954797669875379285e-01 2.475877313235104807e-02
2.070346219926831946e-02 8.045844071666279351e-01
2.046125285091601465e-01 5.403180531417386412e-01
4.862604685928734183e-01 3.837310884801489047e-02
9.442316690930924183e-02 7.843145656509050712e-01
6.170377251529455265e-01 1.089605991483016956e-01
1.078127707569612598e-01 4.686568089826019246e-01
1.394355795869105588e-02 8.188779133993542292e-01
2.317798616309969806e-01 4.685931631504537953e-01
1.757059319997021085e-01 4.635092000896903763e-01
6.309045543766397257e-01 4.175649586500838617e-01
4.667660829397097810e-01 1.083910057214431677e-01
5.819544915343428659e-01 5.576596608838819691e-01
2.688353884639254066e-01 6.559128116844165080e-01
3.003418864203745153e-01 4.767382277432191118e-01
3.187652341130574052e-01 6.182328260442859769e-01
5.074652605366345437e-01 9.386880802351147413e-01
2.877608446332780567e-01 4.901788508219384610e-01
4.647836233525828309e-01 8.608026420896974784e-02
6.445754266999997872e-02 7.529960228152751123e-01
5.327253046556839067e-01 6.829988477294013371e-01
3.075417581286302160e-01 3.305351717307915549e-01
3.255831382874794788e-01 2.961556639017474124e-01
5.583953715199616585e-01 4.766963855536124894e-01
5.645616478192320153e-01 6.340780486587442866e-01
5.626018915685836452e-01 1.979739892740228768e-01
3.619461085914894571e-01 7.478600876534921005e-01
5.300181243788137930e-01 2.060236812378158922e-01
5.623612928584427184e-01 2.142475671927527303e-01
2.566511589657601289e-01 3.466437274239826394e-01
2.872756728106397039e-01 3.529533969561484685e-01
5.506243740800133013e-01 1.920130056355023873e-01
8.243667281504285516e-02 7.856701587094545580e-01
4.370270045288890959e-01 2.649202347304233790e-02
6.560862730461131109e-01 1.048310420876647636e-01
2.606755238983688439e-01 6.667302458891638528e-02
2.064276671256080053e-01 2.683225294101275749e-01
1.078309848786567493e-01 7.718619617411534017e-01
5.946627680335337951e-01 7.761975624293704357e-02
6.005716944274260838e-01 8.915710606997516441e-02
1.204924613115542914e-01 5.861634845596614962e-01
4.960193663236963091e-01 6.606550644184440435e-02
5.119372833690606361e-01 5.472525234005655159e-01
5.502020593519704184e-01 5.871038425828998264e-01
4.176098168809520561e-01 4.407953289288921717e-01
3.671231734230192001e-01 4.004434928380305458e-01
4.964247702334650403e-01 4.612759731037219812e-01
4.886662378205941515e-01 4.979865007701969604e-02
2.309163435274912968e-01 6.903549513349512834e-01
2.872707259607635774e-02 8.782182565214105008e-01
2.055067229486146896e-01 7.178658105732409478e-01
2.354204583854818955e-01 8.835075480530302228e-02
7.407600551325277394e-02 4.522102031250251342e-01
3.349719557776118517e-01 6.510739898119300983e-01
5.390703127056283295e-01 5.726781921298654821e-01
5.516581235976838471e-01 3.449129781646506632e-01
5.204552549589365196e-01 3.264072924285111310e-01
3.931430068175895132e-01 4.164144101082087324e-01
5.920879291502270658e-02 8.176354377553850528e-01
5.218875335747851230e-01 4.763107333587821013e-01
4.384913727626417734e-01 4.256252839351775119e-01
5.787514864420669758e-01 5.711461908462931447e-01
4.613281581924565389e-01 2.318442333508749509e-02
3.988993924807890945e-01 4.556508232086017296e-01
3.738550240754584530e-01 4.605562371574651870e-01
3.239937398228437404e-01 4.455388911581913414e-01
3.273858974161677482e-01 4.236426537743420706e-01
5.460820043918163114e-01 8.277623136800954518e-01
4.316775633040225713e-01 6.081661926536450213e-01
4.670222849593818615e-01 1.000000000000000000e+00
3.468751463067157870e-01 4.365776740325673089e-01
6.111028434144238908e-01 4.907332586979374911e-01
3.236291790433200588e-01 3.215044505691115884e-01
2.527968373782515377e-01 5.554066183051673683e-02
5.042535749855159288e-01 9.106508213435801080e-01
2.854689717655918835e-01 5.530553124837488399e-01
1.956630010807229592e-01 6.408535178157011014e-01
5.277065437335266562e-01 9.448099260023310464e-01
4.397665005558556439e-01 5.991564268710506402e-01
4.546572792238066651e-01 6.044540579344742648e-01
2.551014316778149049e-01 4.831297790112643598e-01
4.654967481296926612e-01 7.732483176238557077e-01
5.209688616809768913e-01 8.007233095741262963e-01
3.542130568416869685e-01 2.981066911609888126e-01
9.926045561007076912e-02 5.289320092512613813e-01
4.907311812947709462e-01 1.676608701919830163e-02
6.411291658513190717e-01 2.942300542456297574e-01
4.120727333122908148e-02 5.259331139959887436e-01
3.233733318855287475e-01 5.134960014508735959e-01
5.973915237534525163e-02 5.210555599132783433e-01
3.421598293359990328e-01 5.403099641879169912e-01
4.332316581534156885e-01 5.755375853449383738e-01
4.882000123859709939e-01 9.365968680614256137e-01
5.466750318263510766e-02 7.622665451937068459e-01
7.222662187378225962e-02 7.668753819881827249e-01
0.000000000000000000e+00 5.259841495291286417e-01
6.980925280434672198e-01 2.529720307699354631e-01
3.689628390011789882e-01 7.875721357530024447e-01
5.361374949996051686e-01 9.327291048658319372e-01
1.104655393338058456e-01 8.032774521155755520e-01
9.250065287588857266e-02 7.709065847023880425e-01
1.500967272363499527e-01 7.440395171167253630e-02
4.535396355150595471e-01 9.954637246442092913e-01
6.666091819223992632e-01 2.563775843278359168e-01
3.066875088504484870e-01 4.885780573322163201e-01
4.815151410321535930e-01 1.290895635701981917e-02
5.821803351778196411e-01 2.693320782848880324e-01
6.507856792095059184e-01 5.014348913689217202e-01
5.460058929788446092e-01 4.182617942292148339e-01
5.328580674320348987e-01 8.334921167533705377e-01
1.932865264308084030e-01 5.103550669528775785e-01
4.827994850008465177e-01 7.320200397415024818e-02
2.977007194248379451e-01 5.229491446547938072e-01
3.038679285477195458e-01 5.651422083106094618e-01
5.216547634712455084e-01 5.872617900579668593e-02
6.060328170209696719e-01 2.798352424921055626e-01
5.011450039603309037e-01 4.296144966230563272e-02
4.519345813350861274e-01 4.523915456713582806e-02
6.314293691457409929e-01 4.686901542249513053e-01
4.373570977349454658e-01 4.931944464442673814e-02
8.930541851176578005e-02 4.541046049928861850e-01
4.602731063131877409e-01 0.000000000000000000e+00
2.692661283764433144e-01 5.305504979779851471e-01
3.223582460283988538e-01 6.495296684300317924e-01
2.806799885867221067e-01 7.992393854180700197e-02
2.315820055867047200e-01 3.911939832388577204e-02
2.085660291773031583e-01 9.322230270594873908e-04
2.660587472307160417e-01 7.646183161598877343e-01
2.925266236452338520e-01 5.445258842653203368e-01
3.785899541030249837e-01 3.768480672155287703e-01
4.147824932900298633e-01 7.425742993192908648e-01
5.788549922899099975e-01 6.168696012235569404e-01
5.955617914101986043e-01 9.720539843953060477e-02
5.608499878421571161e-01 9.531843090382487171e-02
2.799252656341109646e-01 6.544823051427386962e-02
2.285324426008585041e-01 2.922428842296982965e-01
4.289525949828821849e-01 5.884047387216417846e-02
3.509402340205898252e-01 3.431342592117323509e-01
2.478342120022478390e-01 3.243280955215117056e-01
5.023879822192715006e-01 3.220499985308947211e-02
3.243917663723709932e-01 3.020084828030514257e-01
5.406827993531624355e-01 5.992774923660570963e-01
1.530411146374678621e-01 6.229370142647680519e-02
5.403022580161326305e-01 3.377479127981041218e-01
3.569107605418685991e-01 5.189807650519977500e-01
4.218631657234236387e-01 3.303496441982028270e-02
8.216062849441609084e-02 6.015178608954344641e-01
4.703296454975368079e-01 6.449953666324925727e-01
3.324336053385661960e-01 4.990827561809604296e-01
6.344758900858517014e-01 3.043700782133106908e-01
1.259817204398425428e-01 4.578251429197714995e-01
1.072579629508738502e-01 7.901803105500336821e-01
9.204286605165830359e-02 7.997606267817291004e-01
1.456343935096306164e-01 3.200747203126386164e-01
5.994421203736535197e-01 3.295807733312933197e-01
5.992620822851405515e-01 2.668984985299193702e-01
3.238815888548720601e-01 4.556678334591264257e-01
5.248256250900525943e-01 9.987022494774477899e-01
2.699292897052594786e-01 7.253413205591857649e-01
1.603069684801743111e-01 4.284050976293346524e-01
5.933403866802882537e-02 5.337004401679240617e-01
1.757173920423844016e-01 2.437875769596076214e-01
3.013640236793259097e-01 6.353602902085691007e-01
5.148725151087362173e-01 9.625603141275462793e-01
2.466579153491607335e-01 1.017153303821616700e-01
4.326484980511578482e-01 7.769582666491089418e-01
1.405170567506789508e-02 9.142140376357329457e-01
3.463850859991842168e-01 6.925196219112778051e-01
5.591467468261460683e-01 4.707108396021349173e-02
3.832294709609321282e-01 3.252056663080581111e-02
2.716900967137027001e-01 6.713263037005076095e-01
4.115572179645166084e-01 5.143568735751394283e-02
5.299782441114497117e-02 7.482642400524138759e-01
4.288293917722438842e-01 2.055198174062890237e-02
2.527021417374111234e-01 4.283152605887579067e-01
2.827530424901640305e-01 4.387194404429197725e-01
6.261907762188251292e-01 3.903068632963590523e-01
2.478386352674056825e-01 3.579106385568045501e-01
5.124889182187786218e-01 5.823097679232851487e-01
5.428844732232177561e-01 5.592195844315686060e-01
5.651982450509196454e-01 3.416408082899993204e-01
4.730251060284168529e-01 2.470890689565391832e-02
5.157747963930781054e-01 4.070305365632805872e-01
5.146907754890713838e-01 4.269953024719984613e-01
5.339146568540721338e-01 4.077719672722796562e-01
6.345058180668831094e-01 4.056248925965532104e-01
4.919041310764226682e-01 5.718234100970203126e-01
5.927176219572070082e-01 4.082516506714282123e-01
2.524037552323965539e-01 6.295628573745801759e-01
5.899792128928477153e-01 3.172154566332536785e-01
5.822222301839190539e-01 5.814510006554847177e-01
5.918104116289811811e-01 5.681397598328422616e-01
5.722411475555910787e-01 1.944665617518283596e-01
5.217204187279761429e-01 3.967158995736455029e-01
4.658233528191811357e-01 1.262880666159494139e-02
3.822622099268650486e-01 3.655798220528468367e-01
4.957157923894000562e-01 9.467334857024742867e-01
5.482712985990499943e-01 4.323081975888052875e-01
4.568780258465098276e-01 5.829685979177764432e-01
4.506932358790720627e-01 2.928725052045867347e-02
4.741338689149577346e-01 6.255545466894427142e-03
2.379101042886469231e-01 7.679537151722427846e-02
1.893972171067026256e-01 8.539585471699731589e-02
1.991985543249470691e-01 6.560535931697996093e-01
2.214957985803120422e-01 7.056686411836814166e-02
4.467759489348768764e-01 1.922817796962004999e-02
3.119409792528879954e-01 6.417052501450938307e-01
2.326965671011850881e-02 8.961623138348755457e-01
6.448574846401829985e-01 4.367661591535693111e-01
